UBCohort	"Type=SCurveBy,x=spread, NonBlank=yes, KeepByVarOrder=1/y=cpr1: currb, DateWindowPeriod=199405: current, ExcludePoolType=RF, Product_by=list: grid: fn_fix_30: fn_fix_15: fh_fix_30: fh_fix_15: g1_fix_30: g1_fix_15: g2_fix_30: g2_fix_15, JointDistribution=Product_by,"
Script finished successfully Began at: 02/18/2019 09:42:14 Ended at: 02/18/2019 09:43:15 Ran for (hh:mm:ss): 00:01:01 1270784218 www.kdsglobal.com/kds

by_Product	eit	Cpr1	CBal	
fn_fix_30                               	-250	2.1612	18,251,646,251	
fn_fix_30                               	-225	2.4432	75,682,161,576	
fn_fix_30                               	-200	3.1773	185,651,707,821	
fn_fix_30                               	-175	4.6610	590,278,656,763	
fn_fix_30                               	-150	5.3596	1,448,486,836,529	
fn_fix_30                               	-125	6.1948	4,145,374,226,592	
fn_fix_30                               	-100	6.4902	9,301,437,831,342	
fn_fix_30                               	-75	6.7452	18,176,335,782,157	
fn_fix_30                               	-50	7.0712	27,583,948,349,943	
fn_fix_30                               	-25	8.1593	36,575,003,429,619	
fn_fix_30                               	0	9.1995	42,747,532,926,297	
fn_fix_30                               	25	12.6826	41,749,682,066,461	
fn_fix_30                               	50	17.1597	39,028,174,142,060	
fn_fix_30                               	75	23.2680	31,299,637,309,529	
fn_fix_30                               	100	27.6655	27,496,447,520,701	
fn_fix_30                               	125	31.1048	18,547,156,305,601	
fn_fix_30                               	150	31.2833	16,336,827,527,540	
fn_fix_30                               	175	31.1385	10,819,859,153,869	
fn_fix_30                               	200	29.9881	8,858,035,758,807	
fn_fix_30                               	225	30.8450	5,985,454,028,006	
fn_fix_30                               	250	30.6127	4,942,162,167,412	
fn_fix_15                               	-250	2.2912	9,113,524,708	
fn_fix_15                               	-225	2.7688	39,603,240,827	
fn_fix_15                               	-200	3.9884	106,010,622,661	
fn_fix_15                               	-175	5.3924	377,537,824,898	
fn_fix_15                               	-150	6.1866	1,014,676,978,426	
fn_fix_15                               	-125	7.0361	2,138,856,148,915	
fn_fix_15                               	-100	7.6581	3,634,957,730,033	
fn_fix_15                               	-75	7.5776	4,477,349,414,508	
fn_fix_15                               	-50	7.6812	7,637,089,505,512	
fn_fix_15                               	-25	8.0091	9,120,482,515,106	
fn_fix_15                               	0	8.9221	10,093,392,932,488	
fn_fix_15                               	25	10.8358	11,321,698,977,922	
fn_fix_15                               	50	15.1507	8,937,296,478,122	
fn_fix_15                               	75	18.8332	7,235,754,868,307	
fn_fix_15                               	100	22.8940	5,317,487,073,660	
fn_fix_15                               	125	25.8865	4,405,837,656,311	
fn_fix_15                               	150	27.6097	3,061,605,913,664	
fn_fix_15                               	175	28.6761	2,443,450,755,877	
fn_fix_15                               	200	27.1441	1,494,663,310,637	
fn_fix_15                               	225	26.0061	1,230,344,664,986	
fn_fix_15                               	250	24.5706	748,701,294,124	
fh_fix_30                               	-250	2.0086	13,522,746,983	
fh_fix_30                               	-225	2.4301	74,036,212,148	
fh_fix_30                               	-200	2.9303	142,778,265,333	
fh_fix_30                               	-175	4.5447	447,187,327,519	
fh_fix_30                               	-150	5.3477	1,183,085,674,209	
fh_fix_30                               	-125	6.1519	3,075,463,141,392	
fh_fix_30                               	-100	6.4287	6,653,588,851,986	
fh_fix_30                               	-75	6.6453	12,557,935,060,926	
fh_fix_30                               	-50	6.9989	18,456,189,860,325	
fh_fix_30                               	-25	7.6704	24,707,416,260,054	
fh_fix_30                               	0	9.0746	28,068,540,332,162	
fh_fix_30                               	25	12.3194	27,561,707,809,263	
fh_fix_30                               	50	17.7406	24,937,745,646,779	
fh_fix_30                               	75	24.1703	20,485,937,564,235	
fh_fix_30                               	100	29.0037	17,705,320,612,597	
fh_fix_30                               	125	32.5622	12,390,256,050,784	
fh_fix_30                               	150	32.6638	10,453,657,417,838	
fh_fix_30                               	175	31.9512	6,901,869,379,103	
fh_fix_30                               	200	31.2523	5,565,816,676,703	
fh_fix_30                               	225	31.5709	3,686,411,117,197	
fh_fix_30                               	250	31.3224	2,921,164,889,711	
fh_fix_15                               	-250	2.2045	7,114,593,228	
fh_fix_15                               	-225	2.6837	38,652,101,828	
fh_fix_15                               	-200	4.0049	97,175,813,554	
fh_fix_15                               	-175	5.3195	333,690,709,737	
fh_fix_15                               	-150	6.3500	945,995,796,849	
fh_fix_15                               	-125	6.9310	1,849,049,307,303	
fh_fix_15                               	-100	7.5413	3,241,215,704,531	
fh_fix_15                               	-75	7.5250	3,702,527,237,411	
fh_fix_15                               	-50	7.6878	5,954,452,686,687	
fh_fix_15                               	-25	7.9693	7,083,933,072,117	
fh_fix_15                               	0	9.0332	7,666,443,040,126	
fh_fix_15                               	25	11.1371	8,426,534,552,301	
fh_fix_15                               	50	16.0319	6,572,454,968,310	
fh_fix_15                               	75	20.4472	5,180,036,433,508	
fh_fix_15                               	100	24.6843	3,847,805,379,755	
fh_fix_15                               	125	27.6803	3,141,675,650,895	
fh_fix_15                               	150	29.3856	2,266,540,406,155	
fh_fix_15                               	175	30.0038	1,694,037,388,383	
fh_fix_15                               	200	28.2670	1,071,921,810,154	
fh_fix_15                               	225	26.6232	811,757,794,131	
fh_fix_15                               	250	25.4309	507,045,200,993	
g1_fix_30                               	-250	2.3275	12,404,235,277	
g1_fix_30                               	-225	1.9465	69,364,363,601	
g1_fix_30                               	-200	2.9096	111,846,715,800	
g1_fix_30                               	-175	4.2102	358,284,296,527	
g1_fix_30                               	-150	4.4808	573,634,065,717	
g1_fix_30                               	-125	6.8712	1,365,170,591,144	
g1_fix_30                               	-100	6.7842	1,953,284,178,486	
g1_fix_30                               	-75	8.1582	3,841,983,294,649	
g1_fix_30                               	-50	8.5910	4,579,722,230,483	
g1_fix_30                               	-25	10.0023	7,003,766,594,756	
g1_fix_30                               	0	9.9041	8,762,990,399,798	
g1_fix_30                               	25	13.1087	9,363,810,318,300	
g1_fix_30                               	50	15.5298	10,539,547,545,134	
g1_fix_30                               	75	20.3827	8,811,704,530,781	
g1_fix_30                               	100	24.7815	9,314,064,161,039	
g1_fix_30                               	125	28.7474	6,282,975,248,473	
g1_fix_30                               	150	30.4390	6,784,124,586,994	
g1_fix_30                               	175	31.2308	3,791,871,709,413	
g1_fix_30                               	200	29.7438	3,412,310,988,313	
g1_fix_30                               	225	29.5536	1,960,651,456,380	
g1_fix_30                               	250	28.5769	1,884,196,179,536	
g1_fix_15                               	-250	3.6766	240,322,161	
g1_fix_15                               	-225	2.8464	9,862,383,562	
g1_fix_15                               	-200	3.6864	8,042,614,433	
g1_fix_15                               	-175	5.0517	41,855,035,646	
g1_fix_15                               	-150	5.7121	66,224,872,015	
g1_fix_15                               	-125	7.1698	125,143,419,987	
g1_fix_15                               	-100	7.4433	196,938,064,878	
g1_fix_15                               	-75	8.5503	253,324,207,250	
g1_fix_15                               	-50	8.5494	360,536,152,370	
g1_fix_15                               	-25	9.0730	462,394,272,478	
g1_fix_15                               	0	9.2607	520,623,785,395	
g1_fix_15                               	25	10.1384	685,440,558,790	
g1_fix_15                               	50	11.6490	564,928,286,883	
g1_fix_15                               	75	13.1993	603,678,587,709	
g1_fix_15                               	100	17.0595	440,211,929,459	
g1_fix_15                               	125	19.0374	485,760,256,481	
g1_fix_15                               	150	21.1055	292,989,508,988	
g1_fix_15                               	175	22.2463	306,589,037,706	
g1_fix_15                               	200	22.4754	144,261,869,787	
g1_fix_15                               	225	21.8619	151,754,654,763	
g1_fix_15                               	250	21.0808	71,663,001,986	
g2_fix_30                               	-250	3.1929	2,449,140,421	
g2_fix_30                               	-225	2.2140	6,205,602,392	
g2_fix_30                               	-200	5.2719	21,348,036,763	
g2_fix_30                               	-175	6.2507	58,872,606,597	
g2_fix_30                               	-150	8.3728	571,705,680,580	
g2_fix_30                               	-125	9.9943	2,417,610,664,761	
g2_fix_30                               	-100	8.2071	4,690,727,282,116	
g2_fix_30                               	-75	10.0793	9,545,772,128,511	
g2_fix_30                               	-50	9.5833	12,484,379,155,724	
g2_fix_30                               	-25	11.3528	13,554,520,401,712	
g2_fix_30                               	0	11.6394	18,015,935,666,708	
g2_fix_30                               	25	15.4853	13,398,040,873,759	
g2_fix_30                               	50	17.0525	13,307,546,528,077	
g2_fix_30                               	75	20.6996	8,518,674,896,206	
g2_fix_30                               	100	23.2910	7,738,133,209,832	
g2_fix_30                               	125	27.5724	5,281,973,846,526	
g2_fix_30                               	150	29.3475	4,163,669,873,523	
g2_fix_30                               	175	31.7284	2,592,678,169,118	
g2_fix_30                               	200	30.5302	1,968,034,916,184	
g2_fix_30                               	225	30.4538	1,045,033,402,114	
g2_fix_30                               	250	29.0994	991,770,448,142	
g2_fix_15                               	-250	0.4205	15,369,757	
g2_fix_15                               	-225	4.7338	224,122,381	
g2_fix_15                               	-200	7.5003	507,000,649	
g2_fix_15                               	-175	7.1107	2,105,227,750	
g2_fix_15                               	-150	8.9019	10,017,382,632	
g2_fix_15                               	-125	9.8141	55,014,473,188	
g2_fix_15                               	-100	10.5261	75,211,305,721	
g2_fix_15                               	-75	10.3640	110,382,939,812	
g2_fix_15                               	-50	8.8658	280,756,514,598	
g2_fix_15                               	-25	9.2009	320,904,702,830	
g2_fix_15                               	0	9.9190	451,500,811,495	
g2_fix_15                               	25	10.6279	515,866,100,840	
g2_fix_15                               	50	12.5000	384,383,626,398	
g2_fix_15                               	75	15.2884	293,594,133,710	
g2_fix_15                               	100	19.5308	181,514,225,438	
g2_fix_15                               	125	19.8628	108,014,664,353	
g2_fix_15                               	150	21.6461	80,684,539,131	
g2_fix_15                               	175	22.1289	44,332,281,423	
g2_fix_15                               	200	22.0749	25,366,410,555	
g2_fix_15                               	225	22.3378	18,119,100,063	
g2_fix_15                               	250	21.1080	10,864,602,559	
