YYYYQQ	AK	AL	AR	AZ	CA	CO	CT	DC	DE	FL	GA	GU	HI	IA	ID	IL	IN	KS	KY	LA	MA	MD	ME	MI	MN	MO	MS	MT	NC	ND	NE	NH	NJ	NM	NV	NY	OH	OK	OR	PA	PR	RI	SC	SD	TN	TX	UT	VA	VI	VT	WA	WI	WV	WY	ZZ
197501	61.52	73.14	66.74	58.81	41.63	54.32	62.7	45.07	77.93	66.31	74.18	59.71	57.35	58.24	68.02	66.38	66.16	61.9	64.14	51.72	68.02	61.71	54.6	60.08	55.07	65.7	74.66	55.31	66.12	68.54	63.68	70.07	63.91	56.42	29.36	78.35	65.01	52.12	50.79	70.46	59.71	61.05	74.76	69.33	67.41	55.38	55.11	70.18	59.71	77.42	46.02	61.81	48.7	49.37	59.71
197502	63.05	72.02	60.4	61.33	42.76	54.22	62.28	47.12	89.52	83.97	71.8	61.12	55.41	64.28	64.2	62.77	61.01	62.24	65.99	55.7	66.04	62.43	89.2	62.32	55.06	73.06	71.08	56.92	67.06	61.26	63.28	75.1	59.9	58.75	46.79	75.67	64.66	53.31	51.23	69.63	61.12	65.8	69.93	71.71	67.83	58.56	57.25	66.57	61.12	76.35	47.13	62.82	67.77	48.36	61.12
197503	67.74	74.26	65.52	59.02	44.25	54.5	61.69	47.41	116.28	67.32	74.51	61.24	54.55	63.52	63.94	63.99	63.38	63.7	67.11	53	67.38	65.07	67.74	63.42	57.81	65.38	72.25	58.93	68.58	66.13	61.62	62.69	60.26	59.43	51.42	77.63	64.16	52.13	54.06	73.91	61.24	65.62	71.84	63.74	66.64	56.52	55.17	67.49	61.24	66.99	49.31	64.19	67.52	50.26	61.24
197504	66.14	70.69	62.87	55.03	45.85	55.17	62.11	54.06	75.58	68.66	73.67	62.27	57.44	65.78	60.99	66.48	62.91	64.67	68.96	55.23	70.57	66.51	71.72	62.15	59.82	65.11	72.38	57.52	70.79	62.72	68.04	57.18	62.72	55.82	55.32	80.05	65.65	53.33	52.89	71.64	62.27	67.15	69.22	61.69	70.43	59.68	60.58	67.73	62.27	72.39	47.86	68.96	68.84	53.45	62.27
197601	69.71	76.92	66.65	58.03	47.75	54.73	65.15	51.51	80.77	68.48	71.37	62.82	54.24	67.46	65.35	67.53	61.85	66.93	69.67	58.61	68.17	66.92	57.82	62.98	62.21	67.2	73.27	59.93	69.61	72.51	67.27	63.94	62.3	59.78	55.52	73.47	66.24	54.65	56.99	72.73	62.82	65.79	69.75	63.15	69.42	59.15	61.51	69.19	62.82	72.39	50.22	65.6	63.43	53.97	62.82
197602	71.4	76.55	68.67	62.83	50.24	59.96	64.05	52.58	86.72	76.56	73.25	65.48	56.23	70.15	68.5	70.27	65.43	67.72	68.86	58.76	69.15	69.56	70.47	64.07	62.58	77.32	75.19	65.6	69.85	72.5	67.7	58.6	63.93	62.08	59.26	74.59	68.57	60.5	57.02	76.59	65.48	68.22	78.23	66.06	68.19	63.87	61.5	68.66	65.48	57.49	53.42	65.46	68.48	55.71	65.48
197603	73.44	77.29	71.61	60.88	53.54	59.84	67.2	58.26	80.84	69.46	79.34	66.54	55.53	73.72	68	73.57	65.27	68.79	69.24	58.38	69.37	70.42	84.45	64.29	62.99	69.78	71.86	63.61	70.43	71.83	67.61	69.53	66.11	63.78	59.55	75.6	71	59.4	59.95	77.16	66.54	71.47	75.74	71.38	70.61	63.15	64.86	70.48	66.54	81.49	56.21	67.49	69.59	58.5	66.54
197604	73.94	79.75	72.46	60.94	55.48	61.86	68.17	57.75	84.76	70.96	78.4	67.22	55.67	71.45	68.86	73.2	68.28	70.6	69.87	61.61	70.39	71.83	69.14	65.67	63.97	68.98	80.21	64.87	70.76	72.52	70.28	66.53	62.12	65.61	59.81	74.18	72.18	62.13	63.46	75.37	67.22	70.19	75.55	66	71.13	63.27	64.4	71.91	67.22	79.88	57.62	68.55	64.98	62.15	67.22
197701	78.35	81.65	73.57	63.04	57.99	64.57	64.02	59.76	80.63	71.6	76.74	69.41	56.11	75.81	73.42	80.29	70.52	72.83	70.27	62.78	72.73	72.05	78.11	67.14	66.46	70.93	74.8	66.47	74.91	81.53	72.2	57.3	65.16	70.22	61.8	77.73	73.06	63.99	67.12	74.28	69.41	69.66	74.97	62.34	75.28	66.45	69.01	73.08	69.41	119.14	59.64	72.75	69.67	63.39	69.41
197702	75.73	83.68	75.35	63.36	62.98	65.58	68.36	63.49	77.95	79.6	76.31	72.64	58.82	78.1	72.95	83.34	71.17	76.28	73.46	64.96	69.74	73.33	81.52	68.02	68.58	81.12	77.55	71.55	73.94	86.24	76.05	70.91	65.66	70.08	64.3	83.18	75.01	63.72	69.14	80.24	72.64	72.18	79.24	70.37	77.01	71.22	70.76	74.95	72.64	81.75	62.69	75.99	83.74	64.65	72.64
197703	77.87	88.29	78.8	66.01	67.93	69.16	71.78	66.54	81.37	72.73	78.79	74.39	61.11	80.18	77.32	83.21	73.61	77.67	77.05	62.67	73.87	76.51	81.74	71.18	73.1	77.73	77.86	76.09	76.76	79.65	78.64	83.32	67.38	73.33	69	82.38	78.69	67.86	73.87	80.75	74.39	75.4	81.05	78.36	77.32	69.48	75.09	77.56	74.39	76.38	67.33	78.06	73.2	67.03	74.39
197704	79.84	89.37	81.66	69.58	70.61	73.18	72.63	71.57	84.05	75.3	78.5	77.19	62.29	83.56	83.6	88.56	78.19	80.39	78.73	68.55	73.96	77.21	87.72	72.67	74.94	80.08	85.92	78.77	81.29	77.45	79.89	72.87	69.34	75.57	72.9	84.66	80.91	69.51	78.18	83.48	77.19	77.36	83.42	81.68	78.72	73.36	75.2	79.17	77.19	76.2	70.8	80.8	85.34	71.38	77.19
197801	76.44	88.54	81.55	70.79	73.2	76.2	73.54	68.26	83.29	78.96	84.42	79.57	64.76	85.84	88.33	90.95	81.04	82.78	81.59	73.58	78.43	81.75	83.3	75.37	76.58	83.11	86.28	89.17	82.88	87.71	78.87	81.32	71.4	76.77	75.29	83.26	82.98	71.98	79.92	83.69	79.57	80.13	81.89	77.48	84.44	76.32	81.74	80.37	79.57	90.74	74.32	84.42	86.11	73.34	79.57
197802	85.39	88.96	83.55	73.69	75.98	80.08	79.88	76.44	91.37	83.81	81.43	82.73	65.2	90.14	88.05	98.01	84.13	85.07	84.49	73.5	79.79	83.41	92.55	79.59	81.95	92.84	87.54	89.06	83.16	82.34	85.92	78.23	73.2	78.12	80.59	87.62	86.17	77.8	84.65	87.19	82.73	82.19	86.58	83.84	83.01	78.8	83.72	83.67	82.73	92.02	79.5	87.75	81.53	76.55	82.73
197803	87.1	96.9	86.33	78.82	78.6	84.39	87.21	81.26	85.67	83.62	85.24	85.22	66.7	91.04	90.45	99.47	86.7	88.78	89.04	77.95	85.27	85.62	90.61	82.99	85.53	90.09	92.71	89.7	86.75	89.72	86.74	83.19	76.27	81.27	85.16	83.83	88.8	81.64	88.3	86	85.22	84.19	87.99	86	86.94	81.72	86.93	86.2	85.22	99.79	83.86	90.73	86.64	78.78	85.22
197804	86.35	96.35	85.91	82.82	81.62	87.96	88.4	79.74	83.41	85.15	86.15	87.44	74.68	95.6	88.33	102.01	88.98	90.67	91.59	81.8	87.59	88.39	94.62	86.69	87.33	90.95	90.25	91.14	87.34	86.83	86.75	86.91	79.43	84.21	88.47	84.1	91.19	84.27	91.91	87.74	87.44	88.78	89.62	84.42	89.53	85.83	90.06	89.46	87.44	86.77	86.78	92.45	85.6	82.3	87.44
197901	88.13	99.93	92.44	87.71	84.83	91.85	95.59	88.64	87.21	89.86	87.78	91.37	73.45	96.45	96.18	97.2	93.4	92.59	95.94	87.93	91.66	91.08	107.01	91.6	91.73	95.75	98.19	94.6	90.36	98.46	92.73	89.82	84.83	89.2	92.5	96.11	95.45	88.44	95.66	91.89	91.37	90.7	93.53	89.05	91.2	88.83	94.34	89.55	91.37	95.41	88.68	96.45	85.17	86.99	91.37
197902	99.59	100.52	95.77	92.29	88.59	94.85	97.8	88.64	87.19	92.62	90.98	94.36	81.42	99.38	92.9	101.83	96.05	94.42	98.05	92.21	94.25	94.57	104.08	95.96	94.62	102.86	100.55	101.12	91.94	99.56	93.8	94	87.14	91.75	97.53	95.73	98.15	90.69	96.21	96.42	94.36	92.26	95.51	92.12	91.5	92.24	97.12	91.71	94.36	87.91	93.83	99.77	90.08	92.75	94.36
197903	95.68	102.07	100.41	94.76	93.09	97.84	100.76	91.11	94.54	93.95	92	96.39	88.96	102.26	96.71	100.47	97.75	97.07	97.18	95.29	98	96.75	98.51	99	97.11	98.57	106.19	97.11	96.18	97.44	98	97.89	91.73	93.96	100.14	94.62	99.01	93.34	98.43	95.81	96.39	93.89	97.29	99.51	96.34	95.02	97.82	94.73	96.39	95.49	95.83	99.26	91.48	96.48	96.39
197904	94.64	108.9	102.1	99.08	96.34	99.57	101.8	98.6	96.57	98.09	95.81	98.25	92.37	101.76	99.26	99.86	97.5	98.32	99.62	97.43	98.78	97.8	106.99	99.47	98.61	100.55	92.84	103.73	96.47	100.2	97.8	92.86	94.41	95.69	98.57	98.17	100.58	95.94	100.02	98.65	98.25	100.84	99.93	91.16	96.14	96.95	99.74	95.69	98.25	107.8	98.07	99.47	96.43	96.36	98.25
198001	100	100	100	100	100	100	100	100	100	100	100	100	100	100	100	100	100	100	100	100	100	100	100	100	100	100	100	100	100	100	100	100	100	100	100	100	100	100	100	100	100	100	100	100	100	100	100	100	100	100	100	100	100	100	100
198002	82.17	103.86	101.02	98.82	102.91	102.15	101.83	96.18	108.27	99.91	100.27	101.55	100.89	100.71	98.79	100.45	98.39	101.56	101.47	98.96	104.25	103.01	102.84	101.94	102	111.18	97.5	93.09	98.23	107.97	103.3	97.28	101.53	97.9	101.74	107.06	99.45	98.92	98.55	95.95	101.55	103.19	103.35	107.44	99.69	104.74	97.58	101.08	101.55	100.99	100.44	100.81	105.93	97.55	101.55
198003	71.31	110.25	106.78	106.8	106.59	106.77	104.19	98.77	110.48	106.21	102.09	104.48	100.84	101.43	104.03	102.07	101.77	102.63	101.41	101.26	108.79	104.82	110.27	102.73	106.82	105.33	104.06	107.46	101.31	99.85	101.77	102.41	100.8	99.01	104.69	114.62	101.89	103.86	105.13	101.33	104.48	103.01	108.97	101.62	99.46	104.38	103.88	104.39	104.48	104.67	103.32	105.08	105.09	101.8	104.48
198004	92.12	109.45	108.89	107.41	108.41	106.42	105.26	101.09	107.84	109.11	102.68	104.75	107.09	97.54	98.73	99.84	100.98	104.47	105.03	102.66	109.33	107.51	106.6	101.75	104.59	105.56	102.74	100.05	102.7	93.86	105.94	99.04	103.86	105.36	105.39	111.26	103.23	101.71	101.68	101.24	104.75	99.77	105.35	97.5	99.68	106.16	103.92	104.16	104.75	113.7	102.17	101.41	115.9	93.71	104.75
198101	87.26	105.8	110.03	108.28	110.7	106.67	104.01	94.21	109.58	111.02	107.37	105.32	101.93	94.65	108.7	101.09	103.78	99.15	108.02	106.62	113	110.69	126.49	103.03	100.62	103.64	94.72	95.45	105.62	102.85	103.26	98.42	104.33	101.9	107.99	112.3	103.03	102.73	97.5	101.51	105.32	97.94	110.6	92.61	96.9	105.41	105.69	106.36	105.32	110.53	100.06	102.72	103.94	103.15	105.32
198102	107.19	109.52	107.14	111.43	113.13	108.5	110.48	105.29	103.89	112.88	107.83	107.41	97.99	92.58	100.97	107.16	102.37	103.81	106.04	108.32	119.39	112.68	115.22	103.37	100.56	103.61	114.71	101.92	106.31	96.87	103.06	100.45	105.77	111.69	117.49	108.68	103.47	106.51	98.46	103.45	107.41	106.53	114.75	98.87	106.16	111.89	109.6	105.32	107.41	109.08	104.96	102.71	86.41	109.15	107.41
198103	114.94	113.34	110.74	117.26	116.54	114.77	114.26	96.83	116.7	108.94	108.6	109.23	85.43	87.86	98.77	106.1	104.77	102.97	103.41	111.26	122	110.67	109.72	106.09	104.41	103.15	107.64	113.62	105.93	118.31	100.9	99.51	107.56	114.42	117.78	115.58	103.09	111.6	95.74	104.16	109.23	103.97	117.37	104.3	108.19	115.59	109.33	106.15	109.23	101.81	105.83	103.07	117.71	110.85	109.23
198104	127.32	107.04	102.8	110.38	117.82	114.59	112.34	103.86	106.69	114.61	112.48	109.13	49.57	102.65	116.4	108.29	107.06	105.63	104.32	113.05	122.31	114.34	116.64	105.24	107.01	102.18	93.01	99.9	104.4	109.12	100.44	108	107.64	118.31	113.25	115.3	101.49	113.35	89.77	100.97	109.13	100.57	115.2	87.65	106.22	120.42	112.24	109.41	109.13	63.13	106.13	91.55	101.47	108.81	109.13
198201	134.39	109.43	103.99	106.35	115.4	119.36	111.95	89.95	102.16	119.18	113.45	110.97	112.55	94.08	99.14	104.49	103.97	104.02	107.02	114.07	124.05	115.48	108.91	104.7	108.03	103.49	102.85	104.96	107.06	102.67	106.6	106.27	111.05	121.6	119.73	129.57	101	116.07	100.28	104.91	110.97	103.35	118.52	69.09	106.1	124.2	107.6	107.92	110.97	122.25	106.18	86.8	101.47	111.92	110.97
198202	128.55	108.14	106.4	111.76	116.4	121.27	112	103.38	118.86	120.38	115.36	111.86	103.06	96.87	109.24	103.4	103.9	104.41	106.98	115.53	125.25	111.75	135.87	99.63	107.25	101.79	105.27	115.26	109.42	84.06	107.2	100.06	112.17	125.36	120	133.59	98.25	118.88	93.88	107.06	111.86	103.79	117.73	110.43	105.82	125.04	109.7	108.27	111.86	117.05	103.75	96.29	116.39	109.49	111.86
198203	139.11	107.89	111.07	108.58	116.96	122.6	110.97	93.39	113.92	122.59	114.13	110.83	100.44	89.94	103.23	99.29	101.7	105.6	105.29	115.19	127.31	114.77	110.41	98.04	107.1	103.75	109.33	96.8	109.48	72.23	109.19	109	111.38	130.37	120.03	124.85	101.89	119.66	96.03	104.93	110.83	104.14	120.43	105.8	106.21	124.02	111.86	104.27	110.83	107.56	99.78	98.78	85.75	109.56	110.83
198204	137.92	115.28	109.32	110.39	116.92	126.83	113.02	99.88	117.08	122.85	116.37	112.23	86.32	94.37	110.46	101.23	104.17	105.48	107.37	115.32	128.51	111.62	114.42	88.06	109.24	104.23	108.18	112.78	111.84	88.2	108.95	106.09	109.35	124.39	123.13	128.83	103.17	122.72	102.42	105.42	112.23	108.7	120.2	119.41	107.19	126.95	115.61	113.46	112.23	114.16	105.8	99.75	87.32	113.16	112.23
198301	137.14	115.11	113.29	119.52	117.77	126.85	119.07	94.06	117.41	123.19	117.67	114.24	101.91	97.89	109.94	102.09	105.85	106.18	109.01	116.19	130.85	113.86	115.44	96.8	113.22	105.6	112.36	99.57	112.79	99.2	109.23	108.58	110.16	130.69	119.39	129	102.59	123.68	98.76	108.53	114.24	110.58	123.06	101.13	110.47	127.42	114.97	115.46	114.24	117.77	107.07	103.7	100.9	112.06	114.24
198302	138.87	114.51	117.14	119.57	117.8	125.58	121.35	97.09	119.81	125.27	118.39	115.44	105.9	99.14	105.33	104.9	105.77	109.18	110.08	117.03	136.82	115.32	120.83	97.03	113.44	108.27	112.65	103.83	111.35	106.53	109.34	112.16	113.88	122.54	117.34	132.81	105.27	125.67	100.27	110.14	115.44	112.33	120.73	121.15	110.76	127.28	115.53	118.32	115.44	112.58	106.1	106.16	92.28	106.13	115.44
198303	144.57	117.42	118.54	115.52	117.58	127.07	122.94	101.4	122.97	125.2	121.01	116.39	111.83	99.23	104.4	105.92	105.32	106.72	110.22	115.76	143.86	116.59	126.27	97.18	112.69	111.7	110.57	110.3	113.87	87.33	111.4	115.77	117.71	123.72	120.01	138.32	106.04	126.75	99.21	112.42	116.39	119.13	123.71	100.47	111.86	127.05	111.8	118.65	116.39	118.19	104.38	105.78	97.43	103.76	116.39
198304	144.26	114.53	118.77	113.74	118	121.99	126.41	100.61	128.63	125.41	120.82	117.05	105.78	98.47	106.25	107.14	104.72	107.9	109.63	116.36	148.9	118.13	133.16	95.07	110.43	112.72	115.05	113.58	115.31	109.33	112.04	117.53	120.89	125.88	114.56	147.07	105.54	126.16	98.74	113.28	117.05	121.46	120.1	100.5	113.24	127.28	113.3	118.67	117.05	123.41	105.14	105.85	94.51	100.41	117.05
198401	148.13	124.1	120.77	117.41	119.8	126.59	131.44	101.49	125.77	126.45	124.42	118.82	108.82	98.62	107.29	107.77	104.82	108.28	112.97	116.66	157.25	118.87	133.26	97.52	113.96	113.32	118.26	123.35	117.98	118.25	110.42	122.13	123.99	124.89	119.43	150.79	105.86	122.16	98.5	113.45	118.82	119.48	126.44	113.14	110.69	126.22	112.23	121.44	118.82	121.98	107.29	106.05	100.2	101.75	118.82
198402	146.29	120.55	118.83	122.14	120.43	126.15	134.96	103.62	129.41	127.48	126.58	120.38	113.28	100.59	106.62	110.47	107.35	108.3	111	117.23	165.51	122.69	140.08	97.12	113.63	115.37	115.01	119.82	122.25	113.74	112.91	127.47	130.18	122.12	117.82	156.54	107.08	122.09	97.63	116.48	120.38	121.4	125.54	109.97	116.46	127.35	113.99	123.25	120.38	123.75	107.99	107.93	95.24	96	120.38
198403	152.53	125.29	119.84	122.98	121.9	126.33	140.52	105.55	132.5	128.66	124.85	121.49	110.2	99.21	108.82	111.15	106.19	107.82	113.02	115.81	175.39	124.22	143.2	97.28	115.56	118.99	112.64	114.32	121.73	114.69	112.28	132.96	135.07	126.28	113.31	162.15	107.14	119.91	96.17	118.26	121.49	127.48	122.7	118.31	110.41	129.78	114.79	125.08	121.49	126.21	109.41	107.92	95.57	99.13	121.49
198404	150.52	121.96	121.36	122.11	122.98	124.41	142.29	108.07	134.46	127.11	129.1	122.47	109.11	100.88	111.39	112.71	108.36	108	113.21	114.41	181.54	124.51	141.51	97.48	115.75	118.97	113.95	111.09	124.89	108.9	111.87	137.14	138.35	127.64	116.78	169.31	107.35	119.5	99.72	119.1	122.47	129.26	127.11	107.22	118.93	129.29	112.29	124.66	122.47	126.94	110.36	106.32	88.49	96.47	122.47
198501	143.23	121.97	121.76	125.19	124.71	127.05	148.88	107.48	137.35	128.49	131.61	124.2	114.63	101.4	106.94	113.59	109.13	108.95	114.67	111.52	191.22	126.63	146.95	99.73	117.04	120.29	119.93	115.55	127.66	109.64	111.41	141.51	142.31	126.24	117.27	176.23	108.01	118.62	97.87	120.58	124.2	132.02	130.29	111.18	120.83	127.89	116.77	127.54	124.2	129.45	110.84	107.9	94.24	97.9	124.2
198502	143.36	125.12	120.22	125.43	126.54	126.36	155.92	110.85	141.39	129.01	129.18	126.09	112.86	101.5	112.36	114.98	110.7	109.54	115.78	113.1	205.66	128.45	151.8	100.79	118.33	123.64	121.95	109.46	130.11	110.02	113.04	151.78	148.65	126.48	117.43	184.53	109.21	116.9	97.77	123.8	126.09	138.23	130.54	109.36	121.83	128.89	116.19	129.73	126.09	134.51	111.14	109.68	97.44	95.78	126.09
198503	143.73	127.92	124.37	127.51	129.37	127.28	160.44	111.82	144.19	128.86	135.07	128.06	116.72	103.08	113.29	116.3	111.34	110.25	115.15	113.18	218.77	130.75	157.51	102.69	115.89	125.54	122.59	115.4	132.98	113	113.09	159.48	155.12	128.46	118.49	191.5	110.51	116.97	96.99	126.19	128.06	142.53	131.43	113.25	124.03	128.96	116.59	131.58	128.06	136.33	111.83	110.64	95.12	94.15	128.06
198504	140.12	128.93	124.74	128.78	130.77	124.83	169.13	114.02	146.57	130.64	137.77	129.47	117.51	102.02	110.55	118.25	113.01	110.88	117.35	110.69	233.15	130.96	166.15	103.82	119.95	126.6	122.42	117.71	134.76	108.89	114.22	169.47	161.94	128.54	118.36	198.95	111.37	113.73	97.14	127.88	129.47	151.41	131.73	113.19	125.6	127.88	115.42	132.35	129.47	139.28	112.27	110.77	90.49	94.5	129.47
198601	140.88	129.88	126.13	131.4	132.44	129.35	174.97	114.27	152.09	132.02	140.04	131.97	119.73	103.19	112.67	119.97	114.26	113.05	118.96	113.63	242.55	133.62	168.75	105.41	121.31	127.51	123.66	116.8	135.93	113.19	115.48	177.71	168.05	130.45	120.94	207.09	112.86	115.94	97.92	130.87	131.97	155.36	134.97	117.45	128.31	130.6	119.46	134.68	131.97	144.31	113.76	112.29	98.47	98	131.97
198602	143.2	132.35	128.99	135.35	135	130.19	185.89	119.54	155.42	135.44	141.85	134.72	119.81	103.8	111.43	122.66	116.27	113.51	121.07	114.35	254.61	137.48	174.41	108.8	120.7	129.44	125.51	114.15	138.52	112.31	115.66	185.99	178.17	133.05	123.86	217.16	114.38	116.96	98.66	134.58	134.72	163.07	136.02	118.37	130.33	132.76	119.03	137.09	134.72	146.5	114.34	113.56	98.57	98.25	134.72
198603	138.66	134.14	126.8	135.39	137.93	129.26	199.88	122.98	160.23	136.29	143.62	136.76	120.87	104.2	112.41	125.41	118.05	114.53	121.23	111.71	267.06	140.92	181.69	112.07	124.13	131.92	123.96	114.64	140.97	111.72	115.85	194.83	189.38	132.37	123.94	227.06	116.22	112.82	99.48	139.12	136.76	174.33	137.81	114.81	132.39	130.04	118.26	140.11	136.76	152.38	114.9	113.94	97.81	95.23	136.76
198604	135.35	136.37	128.53	133.56	141.27	128.68	213.22	127.69	165.83	136.43	146	138.87	123.58	103.92	113.04	128.33	119.49	115.15	123.86	110.62	279.8	144.62	190.66	114.54	124.01	134.11	124.55	115.21	142.8	109.32	117.03	205.75	199.24	133.18	123.75	237.2	117.75	111.22	97.8	143.8	138.87	190.64	139.96	117.4	134.32	127.63	118.11	142.46	138.87	158.46	116.06	114.35	100.19	91.26	138.87
198701	132.05	138.56	129.7	137.76	144.92	130.39	225.5	132.6	172.13	137.23	148.36	141.62	127.54	105.36	114.18	130.79	121.26	115.97	125.4	110.69	289.28	148.79	197.97	117.5	126.72	135.95	125.83	110.46	145.48	113.28	117.57	210.98	210.29	134.94	126.3	246.55	119.96	111.18	99.95	148.46	141.62	204.19	142.7	121.24	137.76	127.98	119.49	145.58	141.62	163.74	117.22	115.25	99.5	93.35	141.62
198702	122.73	139.46	131.19	136.64	148.44	128.86	237.93	135.52	176.23	139.22	150.1	143.81	130.6	105.33	112.04	135.49	122.65	117.75	126.8	110.28	296.42	153.07	205.58	121.43	128.92	138.9	125.89	112.69	147.03	110.57	116.95	219.94	221.4	133.87	125.58	255.17	122.4	108.11	100.26	154.49	143.81	215.8	144.1	118.87	140.27	124.22	118.24	149.51	143.81	168.45	118.1	116.59	101.38	88.69	143.81
198703	114.67	140.13	127.94	135.94	153.13	126.02	250.33	139.96	183.8	139.4	151.74	145.44	132.55	105.5	108.62	138.58	124.24	117.32	129.46	104.83	305.53	159.87	215.51	124.07	130.05	140.3	124.07	110.92	149.4	110.77	115.42	222.18	230.05	132.33	124.75	267	124.86	102.36	99.43	162.06	145.44	232.01	144.18	118.29	140.59	119.28	113.93	156.64	145.44	172.36	118.87	118.05	98.81	83.48	145.44
198704	103.59	138.7	124.52	133.35	157.47	124.91	258.21	145.52	188.72	140.36	152.43	146.37	135.33	102.29	108.52	140.56	124.63	116.54	129.78	104.72	307.86	162.2	223.25	126.1	129.15	140.88	122.85	104.89	150.42	110.33	116.19	226.25	235.26	131.07	124.19	270.82	126.07	100.16	98.75	167.62	146.37	241.57	144.81	119.51	142.48	115.65	113.04	160.25	146.37	182.51	119.6	119.43	99.21	79.62	146.37
198801	119.67	142.63	126.99	134.77	163.23	125.8	263.81	154.01	191.45	141.84	154.47	148.66	143.95	104.58	111.47	143.49	127.34	117.33	132.05	101.94	311.09	167.58	227.55	127.92	131.62	140.94	122.02	109.57	151.48	107.61	117.18	225.73	240.43	131	125.23	277.33	128.21	97.74	100.76	171.1	148.66	249.99	147.32	115.8	143.67	115.67	112.94	164.88	148.66	187.01	121.88	120.25	98.9	81.67	148.66
198802	113.69	143.71	127.69	136.17	169.99	125.59	268.17	161.42	196.94	144.74	156.49	151.62	151.39	106.27	112.02	148.04	129.01	118.16	133.16	102.29	316.57	173.59	231.64	131.17	133.42	142.86	123.73	110.39	153.98	108.87	117.89	228.63	246.63	130.4	126.45	280.66	130.94	98.67	101.42	178.19	151.62	253.03	149.43	115.99	144.25	117.53	114.16	170.49	151.62	194.5	123.72	122.17	102.06	77.07	151.62
198803	125.13	143.13	127.29	133.99	178.09	124.46	266.61	164.9	202.35	145.94	156.81	153.18	155.3	108.42	109.96	151.44	129.62	117.25	135.44	101.17	315.41	179.26	237.86	133.31	133.27	144.06	121.7	113.96	155.37	109.66	118.49	228.59	247.22	131.61	128.26	282.63	132.09	96.82	105.03	182.84	153.18	255.59	150.57	119.02	144.24	114.78	112.53	174.39	153.18	200.66	126.26	124.39	100.12	81.89	153.18
198804	130.5	141.92	126.61	134.5	187.91	123.73	266.58	169.88	207.99	147.08	156.59	154.61	166.28	108.02	109.82	152.83	131	118.95	136.67	99.81	317.64	183.36	239.94	134.48	134.06	143.81	124.07	112.73	156.15	104.9	118.39	228.05	246.54	129.91	129.41	283.49	133.34	97.52	105.6	184.55	154.61	257.71	151.04	117.85	143.92	113.78	112.38	177.91	154.61	202.96	127.71	125.03	100.16	82.22	154.61
198901	126.94	142.11	127.69	132.99	196.65	124.01	262.32	179.9	210.96	148.22	157.7	156.39	178.34	109.89	113.92	155.68	132.05	117.94	138.32	100.55	314.95	188.04	240.9	136.5	134.52	143.72	119.47	110.79	156.65	108.85	119.43	228.67	245.91	130.73	130.06	283.29	134.91	97.94	107.88	186.83	156.39	260.02	153.37	121.13	144.87	114.01	113.5	181.2	156.39	206.58	132.19	127.29	101.46	78.11	156.39
198902	102.74	143.81	127.25	132.74	206.37	124.91	262.41	180.81	217.67	149.29	158.3	158.55	183.15	111.11	113.6	158.74	133.86	119.95	139.4	100.47	312.87	192.78	243.31	139.37	136.43	145.29	123.17	112.13	157.47	108.5	120.5	225.38	245.51	131.24	132.06	282.8	136.31	99.59	110.51	188.19	158.55	261.34	153.6	117.54	145.84	114.95	113.56	185.08	158.55	212.41	137.83	128.74	104.31	84.17	158.55
198903	102.85	146.17	128.64	134.79	218.25	127.46	263.09	182.85	223.25	151.71	160.22	161.92	196.24	113.13	115.68	162.32	136.19	119.65	142.15	102.33	317.6	196.21	246.4	142.64	138.33	146.19	125.51	114.35	160.21	110.37	121.84	229.12	246.69	133.42	135.4	285.69	139.19	101.1	113.79	192.3	161.92	267.18	157.14	122.38	146.45	117.24	115.86	187.6	161.92	215.68	144.41	130.99	103.3	84.01	161.92
198904	100.65	147.24	127.51	133.84	225.16	126.99	262.03	186.62	224.78	152.9	161.42	163.27	202.76	114.08	116.63	164.3	136.59	120.25	142.87	102.16	318.34	199.46	248.24	143.24	139.09	146.8	124.61	115.66	160.59	111.34	122.78	229.49	247.51	135.45	137.23	286.52	140.18	100.2	116.61	194.76	163.27	268.29	157.49	119.51	146.65	116.86	115.71	189.07	163.27	217.81	152.97	131.71	103.92	84.39	163.27
199001	97.27	146.07	128.09	133.66	227.87	127.34	258.2	192.58	227.88	153.56	160.91	164.17	217.59	115.64	118.57	166.06	137.58	119.98	143.35	101.66	314.14	201.88	245.5	145.38	139.23	146.98	126.29	113.4	160.99	110.92	123.6	224.8	244.43	132.83	139.96	286.51	141.73	100.11	120.82	194.96	164.17	265.38	159.07	120.64	147.03	116.48	116.85	189	164.17	215.59	164.11	133.78	105.12	88.77	164.17
199002	110.67	147.28	128.35	132.91	228.63	128.27	250.31	191.68	226.96	153.06	159.49	164.85	230.49	117.07	123.04	167.91	138.87	119.75	144.56	102.61	305.25	202.57	240.86	147.66	139.2	146.82	124.07	116.56	161.42	110.77	125.67	215.33	239.22	133.45	141.87	283.16	143.03	101.23	126.94	195.32	164.85	260.87	160.46	125.68	146.86	117.41	118.31	189.31	164.85	216.73	173.26	135.86	104.5	86.01	164.85
199003	120.34	147.94	129.25	133.9	230.54	129.25	247.69	186.85	225.04	153.88	160.55	165.84	241.36	118.7	125.68	169.88	140.11	119.8	145.67	103.01	299.95	203.6	236.63	148.59	139.94	147.03	125.52	121.73	162.91	112.29	127.03	210.7	236.03	134.75	145.67	281.63	145.05	100.84	131.56	195.75	165.84	261.25	161.74	126.61	146.68	118.05	119.43	188.66	165.84	214.66	176	137.66	108.38	91.69	165.84
199004	117.64	148.07	128.58	132.7	229	129.68	240.99	188.14	225.19	153.31	159.44	165.2	251.16	119.61	124.84	170.39	140.68	119.32	145.2	103.44	292.94	202.35	238.84	148.99	139.89	145.75	124.28	121.56	162.81	111.04	127.05	203.34	232.01	135.3	147.3	278.54	145.36	100.53	133.94	195.16	165.2	255.85	160.84	125.45	146.11	117.17	119.28	186.59	165.2	216.73	177.53	138.01	106.9	90.02	165.2
199101	122.84	149.25	129.94	134.84	228.78	131.17	240.6	189.87	228.85	155.09	161.05	166.56	256.84	121.23	127.97	172.43	142.85	119.84	147.73	102.86	289.91	203.73	232.39	150.71	141.89	147.47	126.98	119.71	163.79	113.09	128.18	200.75	230.96	136.11	150.47	278.2	147	102.4	136.37	196.82	166.56	256.58	162.74	128.65	147.5	118.59	122.88	187.81	166.56	213.73	181.57	139.99	107.27	90.16	166.56
199102	125.7	151.62	130.71	135.95	227.34	132.78	237.21	191.6	229.39	155.64	161.67	167.7	259.3	122.53	128.37	174.23	144.07	120.67	148.96	105.23	286.89	205.94	235.82	152.77	143.02	148.21	125.95	123.95	165.03	114.26	129.51	197.61	229.26	137.6	151.63	280.02	149.05	103.71	139.41	198.29	167.7	251.02	164.26	132.05	148.26	119.9	125.05	188.46	167.7	214.03	183.33	141.94	110.34	94.04	167.7
199103	129.6	152.35	131.84	135.29	227.35	133.88	234.53	189.59	229.38	155.35	161.17	167.98	259.41	123.67	131.51	175.46	145.15	120.82	149.73	106.26	283.58	205.41	231.68	153.96	143.38	148.61	126.09	125.97	165.31	114.46	130.76	193.37	228.01	138.38	152.35	279.2	150.06	103.95	141.82	198.45	167.98	248.13	165.18	130.81	148.43	119.87	125.2	186.99	167.98	213.24	184.03	144.07	108.86	95.53	167.98
199104	129.86	154.86	134.05	139.21	229.03	136.12	236.79	192.82	232.51	158.01	162.95	170.35	263.32	125.5	134.46	177.88	147.25	122.43	151.64	107.92	286.31	209.43	234.47	155.85	145.9	150.25	129.35	130.33	167.7	115.51	131.49	193.94	230.65	140.47	155.62	281.35	152.28	105.92	144.9	202.01	170.35	251.1	167.82	133.43	150.9	121.31	128.04	190.46	170.35	213.8	187.87	145.48	111.83	96.58	170.35
199201	131.23	156.13	135.06	140.04	227.8	138.16	237.75	195.82	232.75	159.97	163.96	171.66	262.55	125.94	135.8	179.08	148.49	123.08	152.64	109.18	285.39	210.27	235.52	157.13	146.6	151.03	131.06	132.31	168.8	117.96	133.29	193.91	232.48	144.11	157.01	286.59	153.98	106.56	147.85	203.06	171.66	249.75	168.68	136.95	152.24	123.32	129.93	191.67	171.66	214.05	188.77	147.18	112.29	97.44	171.66
199202	132.67	156.42	134.28	139.72	225.44	141.24	233.21	195.84	231.21	158.54	164.23	171.63	261.82	127.98	137.37	180.64	149.88	123.66	153.89	110.3	281.94	208.88	230.79	158.15	147.42	151.42	131.32	134.33	169.16	118.06	135.18	189.56	230.56	144.91	156.42	282.74	154.99	106.58	149.75	202.77	171.63	246.44	168.95	137	151.73	122.8	132	189.9	171.63	214.89	190.46	149.79	114.61	98.75	171.63
199203	133.45	159.34	136.81	140.57	225	144.25	234.02	195.51	232.22	161.21	167.57	173.59	264.15	129.63	140.35	182.35	152.16	125.1	155.93	111.74	283.52	210.88	231.75	159.33	149.18	152.48	132.17	138.28	171.19	119.5	137.26	188.77	232.39	145.82	159.37	285.83	157.13	108.21	153.41	204.67	173.59	246.51	171.46	141.03	155.19	124.9	134.2	192.39	173.59	216.71	193.14	151.63	115.48	100.86	173.59
199204	134.21	160.59	137.56	141.33	222.9	147.01	233.78	194.01	234.21	161.32	167.85	174.46	264.78	130.77	144.1	184.01	152.98	125.46	157.3	112.84	284.15	211.58	233.49	160.55	150.13	153.37	132.74	142.51	171.9	120.58	138.15	188.77	233.76	148.09	160.27	287.84	158.67	108.69	156.28	206.01	174.46	247.48	172.17	142.62	154.91	125.51	137.72	192.96	174.46	217.03	195.12	153.6	116.76	102.9	174.46
199301	133.84	161.78	138.8	141.45	219.39	149.71	230.19	192.99	233.11	161.48	168.23	174.53	263.99	131.94	145.44	185.14	154.02	126.19	158.07	113.71	282.24	210.9	230.11	161.18	151.42	153.43	133.26	145.11	172.33	121.38	139.39	187.2	233.6	149.85	160.11	282.63	159.41	109.02	158.49	205.73	174.53	246.07	172.33	144.11	155.61	125.87	140.64	192.48	174.53	216.47	195.95	154.81	117.56	103.31	174.53
199302	134.38	163.52	141	143.1	217.52	153.45	230.82	193.47	233.97	163.28	170.1	176.19	265.41	133.86	150.08	186.82	155.51	127.2	159.95	115.64	283.95	211.59	233.07	162.41	152.9	154.45	135.28	149.07	173.88	124.13	141.07	189.27	235.3	153.6	161.48	289.19	161.24	110.92	161.6	207.08	176.19	246.42	174.04	147.83	157.76	126.94	145.15	193.62	176.19	217.3	198.1	157	119.36	106.15	176.19
199303	136.69	166.4	143.46	144.25	215.67	157.75	230.8	194.03	233.38	164.51	171.22	177.62	264.18	136.58	154.1	188.75	157.4	128.95	161.17	117.7	284.97	212.31	231.31	163.85	154.83	155.54	137.1	151.85	175.67	126.44	143.31	189.63	235.8	156.54	162.82	288.27	163.17	112.42	165.45	207.88	177.62	245.6	176.13	150.63	159.83	128.43	150.39	193.99	177.62	218.21	200.8	159.25	121.75	109.36	177.62
199304	137.41	167.81	145.19	146.15	214.37	161.61	231.39	194.45	234.23	166.2	172.52	179.08	265.62	138.12	157.13	190.41	158.89	130.09	163.12	119.32	286.69	213.13	233.6	165.24	156.47	156.84	138.18	156.81	177.13	127.08	145.5	190.12	237.33	159.32	163.82	289.4	165.12	114.16	168.99	209.73	179.08	247.98	176.85	152.85	161.46	129.69	155.95	195.06	179.08	218.84	203.13	161.33	122.01	111.7	179.08
199401	138.62	168.87	148.15	148.12	212.24	166.5	229.48	195.95	233.43	165.96	173.02	180.22	266.74	140.71	157.95	193.09	160.58	132.32	165.77	121.42	286.9	213.58	233.36	167.11	157.41	158.48	140.28	159.12	178.65	128.78	147.4	190.65	237.89	164.48	163.97	286.12	167.04	114.73	173.25	209.7	180.22	246.68	177.83	156.53	163.17	130.37	162.21	195.52	180.22	219.88	205.65	165.61	124.66	114.31	180.22
199402	141.78	171.05	149.36	150.18	207.14	173.84	224.34	188.45	230.73	164.83	174.08	181.31	263.27	144.33	164.05	195.84	162.95	136.33	170.07	124.11	284.08	211.6	227.57	169.92	160.22	161.54	142.37	166.05	181.36	132.51	152.25	187.25	235.9	169.53	164.67	282.33	169.78	116.97	179.35	208.58	181.31	240.39	179.09	158.55	165.44	130.71	171.33	195.22	181.31	217.27	209.46	171.67	125.81	117.04	181.31
199403	143.9	171.59	150.91	151.85	204.08	178.49	221.39	188.57	228.54	165.07	174.66	182.05	265.88	147.06	165.9	197.47	164.91	137.96	171.63	125.31	283.83	209.73	226.07	173.26	161.43	164.03	143.91	170.35	183.78	134.15	156.02	184.59	233.63	173.15	165.48	280.82	170.73	116.77	183.9	206.99	182.05	235.92	179.82	160.22	167.8	130.76	176.99	194.97	182.05	217.68	210.75	175.44	127.91	120.98	182.05
199404	142.6	171.84	152.47	153.74	201.05	179.51	218.66	181.79	227.37	164.95	175.4	181.9	259.22	147.22	167.11	197.83	165.03	139.26	173.52	125.24	281.55	207.71	222.36	175.41	162.06	164.44	146.22	171.14	185.95	134.51	155.86	184.08	230.86	175.74	165	275.66	172.24	117.11	187.13	205.33	181.9	233.2	180.42	163.48	168.98	130.11	180.16	194.8	181.9	218.26	210.29	175.66	127.03	122.19	181.9
199501	145.24	173.45	153.08	155.56	199.76	183.08	217.45	184.68	227.85	165.63	176.33	182.87	257.59	148.83	167.49	199.84	167.25	140.46	175.44	126.7	283.17	207.8	224.68	178.53	163.55	166.55	146.29	173.38	187.49	136.92	157.68	184.64	230.72	176.86	166.1	274.41	173.18	117.69	190.95	204.77	182.87	235.07	181.94	161.01	171.42	130.23	184.78	194.19	182.87	215.73	212.34	177.89	129.03	124.28	182.87
199502	147.52	176.84	157.24	158.37	201.61	186.69	220.17	183.54	228.98	167.63	179.67	185.85	260.45	152.11	171.87	202.71	170.19	143.36	178.27	129.24	288.49	210.48	228.03	182.03	166.68	168.56	149.41	177.05	190.07	138.34	160.72	187.13	233.21	181.44	169.61	279.03	176.5	119.78	195.66	208.12	185.85	237.85	184.21	167	174.77	132.49	189.98	196.85	185.85	220.44	214.92	181.79	131.07	126.86	185.85
199503	149.05	179.6	159.23	161.39	203.9	190.46	225.59	188.17	232.61	170.93	182.13	188.71	261.34	154.3	175.07	205.13	173.15	144.63	180.83	131.3	293.16	213.02	232.42	185.31	169.69	170.73	151.67	180.93	193.26	139.96	163.07	191	237.26	184.86	172.18	283.63	179.59	121.74	200.54	211.64	188.71	241.92	186.56	167.92	177.29	134.05	196.53	199.18	188.71	220.67	217.88	184.25	133.68	128.65	188.71
199504	149.18	180.99	159.9	163.25	203.62	193.39	225.77	191.82	232.5	172.32	184.86	190.19	261.98	155.71	176.65	207.02	175.16	146.84	182.45	132.64	294.79	214.84	232.55	188.44	171.86	172.23	153.24	181.78	195.17	140.61	164.11	193.53	237.83	186.15	173.71	282.84	181.81	122.45	203.86	212.95	190.19	243.96	188.82	170.89	179.89	135	200.6	199.95	190.19	221.86	219.55	186.51	134.18	131.46	190.19
199601	151.92	184.26	162.48	165.94	203.63	195.79	228.79	194.06	235.2	174.15	187.11	192.33	256.63	157.79	179.24	209.27	177.32	147.4	184.78	134.57	298.43	217.19	237.66	191.12	174.15	173.9	154.36	184.82	197.55	144.18	166.06	194.37	240.89	187.5	175.56	287.66	184.43	123.88	207.84	215.53	192.33	246.52	191.53	173.74	182.71	136.35	205.24	202.22	192.33	225.84	221.58	188	135.71	132.77	192.33
199602	154.32	184.2	162.6	166.18	201.02	198.52	225.82	190.14	233.19	173.22	188.03	192.67	251.34	159.2	177.59	209.93	179.02	150.23	186.37	136.28	298.82	214.98	234.74	196.42	175.4	176.23	154.99	186.29	199.36	142.8	169.57	193.92	238.97	187.03	174.98	285.83	186.15	124.88	210.78	213.11	192.67	241.62	192.49	173.09	184.47	136.11	207.58	201.77	192.67	222.48	221.76	189.81	137.15	133.66	192.67
199603	155.24	184.64	162.52	167.75	200.65	200.76	222.66	187.81	233.67	173.61	189.82	193.53	243.87	160.57	178.25	210.95	180.43	151.79	188.32	137.04	300.16	213.09	234.27	200.95	177.1	177.57	158.06	188.43	201.72	145.17	172.06	196.15	238.53	186.51	174.85	283.87	187.47	125.79	214.21	212.28	193.53	237.97	193.85	175.55	186.61	136.47	211.22	200.83	193.53	221.23	223.03	192.01	136.94	134.92	193.53
199604	156.93	186.77	164.32	169.43	201.69	203.45	224.06	188.66	236.16	174.47	191.28	195.04	238.74	161.61	179.59	212.96	182.72	153.17	190.12	139.05	303.98	215.66	238.24	203.6	179.03	179.64	159.08	189.85	203.36	145.16	173.01	197.25	238.36	187.71	176.68	283.78	189.34	126.5	217.86	213.66	195.04	239.68	196.71	174.66	188.28	136.92	214.88	202.55	195.04	221.29	224.92	194.23	136.93	134.9	195.04
199701	156.89	188.68	165.76	170.96	202.72	205.73	225.22	189.21	235.73	176.7	193.47	196.66	235.76	163.25	181.2	214.42	184.07	153.6	193.17	140.44	306.69	216.41	236.81	207.1	181.16	181.19	159.72	190.07	205.91	145.4	174.47	198.81	240.21	188.89	177.76	283.62	191.82	127	221.3	215.05	196.66	241.42	197.93	177.15	190.63	137.6	218.45	203.84	196.66	225.8	226.49	196.38	138.56	136.18	196.66
199702	157.9	190.12	167.39	172.09	204.74	208.53	226.37	190.54	236.09	176.55	195.76	198.31	230.5	165.05	181.62	215.93	186.02	156.02	194.16	141.4	311.27	215.46	238.94	211.57	183.12	182.91	160.77	190.8	208.42	146.26	178.01	201.49	241.1	189.96	177.8	287.15	193.35	127.82	223.87	215.01	198.31	239.88	200.23	180.48	192.39	138.68	219.6	204.4	198.31	222.78	229.36	198.09	140.78	137.49	198.31
199703	159.17	192.94	168.05	175.17	208.83	211.77	228.97	189.34	238.15	178.97	199.1	201.04	231.23	167.48	184.54	218.15	188.7	157.86	196.48	143.39	315.78	217.31	242.08	215.28	186.52	185.22	163.06	193.51	211.49	148.68	180.08	203.95	243.96	191.06	180.73	289.59	196.04	129.6	228.55	217.11	201.04	244.58	203.66	182.29	194.8	140.01	223.97	206.59	201.04	225.63	234.19	200.77	141.37	138.5	201.04
199704	161.1	195.54	170.14	177.74	212.48	215.07	231.25	189.4	240.31	182.02	201.87	203.64	228.96	168.94	186.8	220.17	191.09	159.77	198.91	145.74	320.67	219.77	245.83	218.29	189.26	186.96	165.5	197.03	214.6	150.83	182.5	207.12	246.36	192.88	181.59	292.49	198.45	131.39	231.04	219.34	203.64	247.67	206.45	184.78	197.52	141.65	227.91	208.67	203.64	225.63	237.17	202.8	143.66	140.68	203.64
199801	160.94	198.77	172.19	180.08	217.05	218.12	236.72	196.81	243.83	185.66	205.46	206.68	230.17	171.12	188.83	222.05	192.88	161.61	200.66	147.72	324.94	222.57	249.34	220.79	192.4	188.62	167.4	198.19	217.23	153.27	184.21	210	250.79	194.09	183.66	299.1	200.82	133.19	234.48	222.81	206.68	251.68	209.52	187.49	201.11	143.87	230.56	210.5	206.68	229.23	241.72	204.09	146.44	142.79	206.68
199802	163.61	200.45	172.19	181.82	221.73	220.72	236.87	198.22	244.62	185.5	207.34	208.55	230.3	173.29	189.59	222.95	194.55	163.19	203.04	149.03	331.78	222.46	251.27	224.98	193.77	190.49	170.19	198.05	218.84	154.54	185.31	214.03	251.72	194.05	184.29	301.45	202.68	134.32	236.18	223.21	208.55	250.42	211.8	188.35	202.6	144.85	232.73	211.43	208.55	229.34	245.35	206.47	146.48	142.5	208.55
199803	165.01	202.53	174.84	184.25	227.53	224.85	240.37	199.92	245.78	187.82	211.14	211.45	232.08	175.15	190.53	225.09	196.82	165.96	205.48	151.55	340.03	223.74	254.21	228.68	197.76	192.68	171.68	199.62	222.02	156.59	188.08	217.99	254.29	195.65	185.19	303.73	205.19	135.82	238.61	224.17	211.45	252.92	214.83	189.69	205.09	147.21	234.96	212.91	211.45	229.61	249.87	208.85	148.23	143.3	211.45
199804	164.93	205.01	176.96	186.56	231.89	227.57	243.48	205.56	247.01	190.67	214.31	213.95	230.79	177.37	191.83	226.78	198.54	167.82	208.18	152.93	345.03	225.92	257.95	230.81	200.11	194.37	173.41	201.67	224.27	157.19	190.35	221.69	256.2	197.63	186.35	307.72	207.4	138	240.85	227.14	213.95	255.75	217.72	189.57	207.41	148.79	237.21	214.95	213.95	232.77	252.8	209.62	149.93	143.58	213.95
199901	166.85	205.67	177.65	188.59	235.48	231.83	246.77	207.58	250.94	191.87	217.23	216.21	229.76	178.93	193.8	228.83	200.36	169.47	210.01	154.33	352	228.23	260.48	234.48	203.38	196.92	175.66	201.73	226.17	157.47	191.72	224.99	259.27	198	186.78	310.1	209.56	138.72	241.95	228.68	216.21	257.73	220.78	192.57	209.34	150.17	238.6	217.04	216.21	235.55	255.22	213.36	150.46	144.53	216.21
199902	170.39	206.44	177.92	191.01	239.54	238.95	249.84	212	252.86	193.36	220.57	219.11	227.69	181.55	194.6	231.56	201.45	172.79	212.41	155.94	363.56	229.12	266.19	239.6	209.49	200	178.14	203.87	228.58	157.92	195.29	231.47	262.91	197.67	186.36	316.04	211.37	140.08	243.44	229.21	219.11	260.24	223.69	194.9	209.9	153.08	237.49	219.64	219.11	237.18	259.7	216.77	150.59	146.89	219.11
199903	169.94	206.89	178.62	193.8	245.01	246.81	254.54	218.11	256.71	195.71	224.49	222.2	223.69	182.69	193.08	234.9	202.51	174.73	214.15	157.07	378.6	231.14	272.22	244.43	216	202.24	178.97	206.24	229.99	158.58	196.05	238.66	269.47	197.16	187.57	324.79	212.03	141.99	244.14	230.23	222.2	265.77	226.04	196.07	211.18	155.57	234.82	223.34	222.2	242.17	262.66	219.65	150.84	148.26	222.2
199904	170.18	208.41	179.28	195.65	250.22	251.13	257.73	224.46	258.18	198.07	227.16	224.5	223.65	183.81	192.98	237.27	203.54	175.75	215.99	157.47	387.39	233.62	274.5	247.45	218.89	204.22	178.73	205.84	231.03	156.93	197.41	243.29	272.3	198.17	187.73	330.73	213.36	142.15	245	231.33	224.5	270.3	227.94	197.12	212.03	157.54	235.78	226.32	224.5	244.66	264.77	220.95	149.94	148.47	224.5
200001	170.05	209.26	180.13	200.03	261.1	260.63	262.59	234.48	262.54	202.01	230.1	228.79	229.23	185.75	195.5	241.97	205.1	179.2	219.23	159.93	403.93	238.19	280.08	253.11	225.1	208.16	180.59	208.58	233.15	159.05	198.65	252.91	279.32	198.35	189.4	335.5	215.62	143.64	247.56	233.63	228.79	278.81	230.24	198.29	213.91	159.82	236.9	230.17	228.79	250.77	269.4	227.68	151.12	150.64	228.79
200002	172.01	211	181.88	202.4	268.15	267.02	269.66	243.08	266.99	205.57	233.78	232.52	229.63	188.26	195.64	246.12	206.84	180.66	221.17	160.56	416.9	240.75	288.04	256.62	231.77	210.71	181.92	210.62	236.01	159.98	201.37	261.4	286.17	199.04	191.88	345.59	218.23	145.23	249.19	236.99	232.52	287.33	233.14	201.94	215.03	162.47	236.95	234.84	232.52	254.87	272.14	228.89	152.16	152.28	232.52
200003	173.14	212.67	182.92	205.05	277.13	274.04	275.53	250.71	272.13	209.89	237.66	236.74	232.6	190.76	197.17	250.14	209.67	183.24	223.01	162.4	432.16	245.24	294.39	261.17	237.5	214.13	184.63	213.6	239.09	161.5	203.22	271.02	294.55	200.34	193.6	355.69	220.84	147.6	251.48	239.48	236.74	296.42	236.01	205.5	217.23	164.88	239.4	238.94	236.74	259.91	275.82	232.26	153.52	153.44	236.74
200004	173.74	215.41	185.41	208.2	285.72	280.27	279.26	255.46	275.57	214.32	241.53	240.4	238.39	192.17	199.63	253.01	211.56	185.12	225.88	163.78	442.53	248.99	300.34	264.92	242.17	216.7	185.94	216.81	241.61	163.12	204.77	278.64	299.05	201.57	196.52	361.12	223.7	148.58	254.3	242.29	240.4	302	239.18	205.63	219.28	166.83	242.82	243.09	240.4	264.68	279.33	235.08	155.05	156.96	240.4
200101	176.72	221.66	189.98	212.92	296.7	288.12	286.18	266.08	281.51	220.45	248.28	246.32	246.02	196.24	204.45	256.31	216.04	188.7	230.25	168	454.45	254.72	309.01	269.08	248.53	220.36	190.73	221	246.91	167.06	207.35	284.88	305.8	206.34	200.82	369.32	227.97	151.98	261.18	248.55	246.32	307.97	245.42	210.08	224.63	171.54	248.27	249.07	246.32	269.17	286.16	238.62	159.45	157.99	246.32
200102	180.26	222.62	191.14	216.16	305.74	293.97	292.29	278.28	286.26	226.05	251.33	250.45	249.83	198.36	206.67	260.74	217.78	190.98	232.36	169.74	468.2	259.65	314.83	272.56	255.21	223.66	191.91	223.7	249.1	168.28	209.62	294.67	314.4	207.82	203.39	377.5	230.33	153.57	263.63	252.55	250.45	318.64	248.13	213.2	225.81	173.8	248.82	254.86	250.45	274.5	290	241.86	160.9	161.12	250.45
200103	182.96	224.2	193.12	219.32	312.21	299.5	299.52	289.93	291.84	231.21	254.55	254.33	254.22	199.74	207.93	265.55	219.3	193.13	234.24	171.3	483.95	266.54	324.32	276.15	262.94	226.96	193.79	225.74	251	169.63	211.45	304.94	323.55	209.16	207.2	387.67	232.49	155.19	266	255.86	254.33	330.83	250	215.08	227.22	175.11	248.96	260.53	254.33	280.92	292.95	245.06	161.84	163.53	254.33
200104	183.25	226.75	195.05	221.47	316.59	301.97	304.73	298.66	295.97	236.81	257.89	257.48	257.85	202.15	210.32	268.04	221.28	194.86	236.12	172.92	493.71	270.83	329.36	278.43	266.46	229.22	195.39	227.32	253.39	170.96	213.1	310.39	329.95	210.72	209.82	394.44	234.4	156.95	268.33	259.13	257.48	337.83	252.93	216.04	229.95	177.07	251.6	264.14	257.48	284.41	294.91	246.93	163.28	165.57	257.48
200201	186.15	227.12	195.87	224.54	325.05	305.48	311.25	308.15	301.05	241.56	260.08	261.18	261.98	203.92	210.67	272.68	222.93	197.42	237.99	173.85	508.05	277.64	336.64	281.85	272.02	232.94	196.1	232.27	254.89	172.86	214.83	318.87	339.52	211.74	212.81	404.16	236.37	157.73	271.74	263.16	261.18	350.9	254.36	219.12	230.97	177.57	251.23	269.4	261.18	290.14	298.51	251.01	164.26	168.72	261.18
200202	191.36	228.32	196.72	227.45	336.09	308.79	320.1	319.34	308.84	248.88	262	265.62	267.94	204.92	211.77	277.51	223.58	199.39	239.61	175.27	526.7	286.74	347.24	284.99	279.23	236.02	195.48	234.42	255.99	174.49	216.15	330.09	352.16	214.66	216.34	416.75	237.99	159.33	273.58	267.69	265.62	368.19	255.81	222.06	231.39	179.07	250.68	276.95	265.62	296.44	302.12	254.44	166.05	171.35	265.62
200203	192.76	231.72	199.9	231.37	348.73	313.22	328.85	333.99	316.67	255.91	266.34	270.89	276.14	207.48	214.93	281.08	226.02	201.34	242.13	178.33	542.11	295.63	357.02	287.62	285.31	238.93	198.99	238.97	259.51	178.33	218.21	340.31	363.83	217.98	221.04	429.38	240.34	161.46	278.28	273.23	270.89	382.13	259.79	224.57	234.77	181.84	253.85	283.97	270.89	301.83	305.85	257.13	167.62	174.3	270.89
200204	192.35	234.37	202.34	234.06	358.89	315.15	335.75	343.93	321.72	261.74	269.46	274.73	279.63	209.23	217.09	284.27	227.03	202.94	244.43	180.94	554.35	301.67	363.54	289.43	289.7	241.84	200.97	241.2	261.23	180.29	219.66	347.98	372.23	219.83	223.53	438.67	241.93	163.46	280.53	277.95	274.73	394.16	262.06	225.95	236.86	183.77	255.13	287.87	274.73	304.43	308.44	258.98	170.03	176.01	274.73
200301	193.53	236.72	203.88	236.84	367.18	316	339.97	351.72	326.38	267.3	271.57	278.08	287.65	210.56	219.14	287.24	228.86	204.48	246.43	182.91	565.27	307.44	370.26	291.62	293.66	243.95	202.22	243.84	263.37	181.57	220.84	353.38	379.12	222.57	227.54	448.54	243.68	164.44	283.42	281.1	278.08	405.74	263.59	227.97	238.44	184.67	255.82	292.23	278.08	307.96	310.96	261.66	170.59	177.96	278.08
200302	196.54	238.83	205.16	239.3	374.03	317.41	345.58	358.59	333.45	273.75	273.35	281.46	294.36	212.17	220.99	290.15	229.98	205.91	248.38	184.78	574.42	314.1	375.55	293.87	297.08	245.66	203.83	248.78	265.14	184.2	222.07	358.81	385.75	225.13	232.05	459.17	245.45	166.55	286.06	284.76	281.46	415.37	266.12	229.14	240.46	185.84	256.73	296.99	281.46	313.03	313.63	263.99	172.38	182.03	281.46
200303	200.97	240.51	207.71	242.95	386.65	318.8	353.81	369.82	341.02	280.31	275.01	285.77	303	214.75	222.76	294.23	231.56	207.42	250.47	186.46	585.15	323.59	386.57	296.45	303.97	248.69	204.85	254.44	266.41	186.76	224.43	368.17	397.43	227.79	238.72	465.77	247.45	167.64	290.13	290.66	285.77	432.79	267.66	233.42	241.98	186.43	257.43	304.08	285.77	321.07	317.5	267.95	174.67	184.72	285.77
200304	208.7	242.01	210.77	251.21	411.38	322.53	366.7	389.6	353.9	293.32	278.49	293.86	320.1	218.08	226.07	303.45	233.59	210.63	254.08	189.58	610.16	341.13	400.97	300.77	314.89	254.37	206.52	261.29	268.89	190.42	228.08	382.59	417.57	232.78	253.1	487.72	250.83	169.31	297.51	299.3	293.86	460.96	270.2	238.23	244.64	187.53	257.63	316.43	293.86	337.38	325.58	276.7	176.21	187.94	293.86
200401	210.19	244.34	213.45	255.49	424.56	324.93	373.11	404.75	365.11	302.2	282.28	298.44	335.38	219.74	228.59	306.71	234.9	212.7	257.09	191.72	620.39	350.62	409.9	302.79	318.65	257.37	208.41	265.54	271.87	192.42	229.28	388.17	426.17	235.21	266.41	497.4	252.3	171.25	301.19	304.47	298.44	471.79	273.38	238.83	246.68	188.47	260.14	324.43	298.44	342.12	330.49	278.86	179.06	192.05	298.44
200402	215.29	245.87	217.01	264.59	451.05	327.37	385.07	424.56	373.4	316.34	284.13	305.67	354.42	222.1	234.39	313.72	235.7	214.89	259.34	194.6	634.94	366.96	421.76	304.84	324.93	260.68	210.63	272.25	274.3	195.78	232.57	398.62	439.65	240.49	290.59	511.07	253.82	172.78	310.25	312.55	305.67	493.28	275.64	243.15	249.39	190.3	262.49	336.9	305.67	351.76	340.37	284.5	182.55	197.02	305.67
200403	226.3	250.36	220.55	280.32	496.98	331.98	404.76	454.52	395.45	336.07	288.06	317.38	388.24	225.16	242.39	324.06	238.37	217.12	262.49	197.82	665.48	394	441.68	309.05	335.87	266.66	213.47	282.02	277.21	201.24	237.13	416.21	469.11	246.6	327.6	537.22	256.8	174.12	323.96	325.44	317.38	528.03	281.02	248.22	253.05	191.82	265.95	358.39	317.38	374.65	354.58	295.07	185.9	204.16	317.38
200404	228.64	254.15	224.42	291.67	515.94	335.1	412.55	479.07	407.57	351.42	292.53	324.14	402.65	227.7	248.61	328.67	240.98	219.65	267.49	200.53	676.48	407.43	450.91	312.37	340.81	270.33	216.49	288.26	281.88	205.77	239.05	424.39	481.02	251.68	339.77	550.63	259.49	177.18	331.51	332.63	324.14	541.36	286.05	251.39	256.04	194.01	270.84	370.74	324.14	382.24	362.77	298.47	189.28	208.03	324.14
200501	234.3	257.49	227.58	309.4	538.48	338.63	423.14	500.8	419.02	370.36	296.36	331.6	421.56	230.25	254.76	335.43	242.58	221.89	269.33	202.69	690.93	425.62	464.24	315.03	347.31	274.86	217.73	295.5	286.41	206.82	240.73	435.44	495.3	256.8	353.64	565.65	261.92	178.14	341.53	339.69	331.6	552.35	291.15	255.21	259.59	195.07	275.82	385.52	331.6	393.54	374.39	303.93	193.47	212.78	331.6
200502	243.46	263.63	232.77	341.5	569.87	343.51	437.37	529.64	436.76	397.71	300.35	342.19	445.67	233.07	266.1	343.33	244.73	224.94	273.06	206.93	707.24	451.41	474.69	316.75	354.45	278.9	221.98	307.56	290.27	213.6	244.23	445.85	516.82	268.19	372.56	584.37	263.84	181.18	359.73	351.26	342.19	574.8	296.34	261.18	265.21	198.11	284.68	407.5	342.19	406.98	394.38	309.42	199.32	218.83	342.19
200503	251.94	269.13	237.93	370.24	597.95	348.83	449.24	561.69	456.2	425.26	305.34	352.52	474.31	236.69	281.95	350.34	248.32	227.69	277.55	210.87	718.18	474.57	486.77	319.39	360.91	283.88	226.64	316.35	296.66	218.24	247.62	456.37	536.64	278.46	385.47	604.14	266.42	184.56	379.69	362.68	352.52	587.81	303.64	264.84	270.56	201.37	295.15	426.84	352.52	422.01	411.75	315.38	206.17	227.12	352.52
200504	259.52	274.55	241.19	395.77	624.73	351.97	458.33	590.02	465.91	447.59	309.29	360.52	500.24	238.64	294.88	356.74	248.98	228.8	278.86	217.91	723.28	493.92	494.13	318.61	364.94	287.03	231.64	326.94	303	220.95	246.85	461.56	552.87	286.71	399.97	617.95	266.87	186.7	396.31	370.35	360.52	597.01	310.41	269.25	274.93	203.71	305.01	438.73	360.52	430.22	429.09	318.44	209.38	233.39	360.52
200601	263.63	280.06	244.82	410.64	637.61	353.07	464.51	598.28	475.57	465.09	312.45	366.24	519.14	238.66	305.42	361.48	248.97	229.95	281.61	224.56	724.08	507.29	499.48	317.4	366.81	289.84	235.51	333.4	308.08	222.1	247.1	465.27	563.51	295.04	408.97	628.77	266.87	187.98	410.66	376.99	366.24	602.38	314.73	269.27	279.47	206.04	315.33	448.86	366.24	436.97	444.26	320.77	213.27	239.85	366.24
200602	270.16	284.7	248.21	419.38	643.29	354.66	466.63	606.17	484.45	474.99	314.31	369.98	523.08	240.05	317.05	364.29	248.52	232.04	282.43	230.4	715.2	517.73	496.22	312.14	364.81	290.29	242.23	343.6	312.43	228.42	249.51	462.42	569.91	305.87	409.29	630.86	265.83	190.6	427.16	381.13	369.98	602.46	319.77	273.6	284.85	209.35	328.73	457.13	369.98	446.3	459.74	320.52	211.41	247.31	369.98
200603	275.27	289.36	250.78	423.19	645.31	356.35	467.07	612.41	489.12	478.68	316.91	373.04	533	241.45	325.58	367.06	249.99	233.96	283.7	235.23	709.73	524.71	499.36	309.82	365.17	292.96	247.05	352.93	317.76	231.19	250.51	460.58	573.34	313.53	410.89	630.13	265.16	191.87	438.31	385.4	373.04	600.49	324.6	278.29	288.41	212.44	343.17	460.07	373.04	448.24	473.29	321.96	214.33	255.05	373.04
200604	277.01	294.84	253.1	426.51	641.35	359.52	469.65	622.41	497.87	482.01	322.69	376.83	531.18	243.4	333.73	371.12	252.49	236.08	286.84	239.07	711.67	531.57	506.59	311.28	369.14	296.38	251.53	359.06	323.58	231.54	250.8	463.48	576.37	320.55	409.56	638.41	266.31	194.74	446.72	389.94	376.83	600.24	332.8	279.07	293.81	215.3	356.53	466.4	376.83	455.3	483.29	325.92	217.51	262.11	376.83
200701	280.81	296.81	255.28	424.61	632.38	360.45	473.05	627.03	498.19	478.83	325.48	378.21	538.1	244.28	338.5	373.35	253.35	237.59	289.28	241.58	706.12	532.97	510.28	308.92	371.13	297.82	255.35	365.5	328.56	236.41	251.77	461.8	576.89	325.66	407.15	641.39	266.42	197.11	451.75	393.5	378.21	599.78	335.04	281.95	296.59	218.13	367.09	468.32	378.21	458.08	492.12	327.2	218.02	267.45	378.21
200702	283.75	301.01	256.92	420.92	621.55	361.15	469.03	627	502.22	472.66	326.46	377.95	539	246.31	338.99	372.1	254.17	240.15	290.13	244.03	695.7	533.98	506.76	303.32	367.01	298.22	255.25	370.57	331.74	239.29	253.61	458.88	573.32	328.14	397.7	639.46	264.87	197.9	456.85	395.12	377.95	588.72	337.21	284.81	300.17	221.8	376.2	469.4	377.95	457.71	497.46	326.68	218.24	274.93	377.95
200703	282.43	301.58	256.37	411.39	598.55	358.72	465.45	628.33	497.23	455.63	324.35	373.73	536.47	246.25	339.49	369.08	253.06	239.43	289.65	245.13	682.25	526.2	503.96	293.66	359.18	296.63	255.46	374.23	333.04	241.11	252.42	451.37	566.51	329.08	384.84	630.13	261.99	200.61	454.64	393.27	373.73	577.59	337.03	286.57	300.53	222.46	380.68	463.69	373.73	458.95	498.76	324.98	219.01	278.45	373.73
200704	281.91	303.98	257.76	404.33	574.33	359.64	464.71	620.54	497.6	444.18	326.63	372.55	534.27	247.69	339.63	370.3	253.49	239.48	292.7	246.02	682.5	523.18	510.27	292.71	358.19	297.87	258.88	376.47	335.72	241.79	252.08	451	563.94	330.15	374.62	632.33	261.93	202.43	456.21	395.02	372.55	575.12	341.39	289.11	302.54	224.17	383.64	462.35	372.55	457.04	501.58	326.68	220.03	279.65	372.55
200801	281.72	305.94	257.53	390.72	542.26	361.27	464.2	607.86	494.26	426.42	327.1	369.86	528.31	248.99	340.95	368.79	255.51	241.36	294.03	246.71	679.05	515.27	512.6	291.84	359.68	298.27	258.98	380.13	338.43	246.07	254.06	451.26	560.28	331.53	353.28	635.73	263.2	203.52	453.61	397.82	369.86	568.7	343.74	292.2	303.88	225.56	382.53	459.9	369.86	463.33	500.13	327.55	220.99	280.83	369.86
200802	282.05	304.7	256.62	368.02	497.78	359.33	453.27	591.95	487.49	397.26	321.95	360.55	517.99	247.69	333.09	361.33	253.48	239.76	293.91	246.29	657.68	497.45	503.91	280.01	348.62	294.24	256.98	378.24	337.83	246.76	252.07	439.56	544.41	327.1	325.61	623.88	259.17	204.52	445.34	392.85	360.55	546.35	341.92	292.7	302.63	226.08	376.32	447.04	360.55	457.22	490.34	322.7	220.52	282.39	360.55
200803	278.95	302.42	253.52	341.32	460.26	351.99	439.1	578.47	476.12	364.92	313.36	349.21	503.42	245.65	323.22	349.34	249.53	236.87	289.43	243.26	641.42	477.36	492.9	268.68	338.29	289.38	252.27	372.13	333.67	246.75	249.67	424.24	528.73	319.35	292.65	607.74	252.76	202.96	430.9	386.15	349.21	521.81	335.62	292.24	298.11	225.35	364.69	434.76	349.21	454.48	475.57	317.01	217.05	279.89	349.21
200804	281.44	304.06	254.91	328.79	444.4	352.98	435.65	571.31	470.76	346.56	312.08	346	493.84	246.82	323.5	348.21	249.22	237.28	291.11	243.94	642.31	469.97	488.79	265.98	337.18	290.08	254.71	375.46	333.5	248.95	251.1	422.86	523.24	318.49	277.46	601.89	253.3	203.05	424.57	385.52	346	515.61	336.64	294.32	299.32	225.77	363.97	431.2	346	453.43	470.52	317.65	215.06	279.73	346
200901	281.86	306.21	257.2	327.77	440.21	359.42	439.2	573.01	473.48	352.45	318.71	348.55	490.59	249.14	324.48	346.76	252.98	240.16	293.78	247.2	642.38	465.52	493.61	271.4	343.04	292.4	255.65	377.22	337.36	250.54	253.01	424.08	521.74	321.22	275.98	609.15	257.86	206.37	422.02	389.36	348.55	518.71	340.87	296.99	301.93	228.47	361.03	432.97	348.55	454.15	466.92	319.17	218.18	279.98	348.55
200902	279.04	302.78	253.87	304.03	420.11	353.68	424.92	556.4	459.05	334.03	309	339.34	469.98	247.58	313.25	336.85	248.98	238.47	290.83	245.4	626.63	447.24	482.64	260.78	333.09	287.71	252.96	372.24	331.56	250.27	251.84	411.96	504.98	312.45	255.82	595.85	251.99	204.56	405.7	383.57	339.34	495.3	336.46	295.57	298.75	226.86	347.24	422.01	339.34	447.74	446.89	314.32	216.31	279.47	339.34
200903	278	295.54	249.78	288.11	410.83	345.32	413.94	551.21	447.7	314.61	296.16	330.37	456.72	246.14	299.42	326.05	244.6	236.66	287.43	241.99	615.88	436.03	471.69	249.05	319.56	280.98	248.26	363.28	323.76	249.85	249.25	398.49	491.84	306.11	238.02	581.44	246.92	203.14	391.37	376.04	330.37	482.77	326.19	292.23	292.03	224.64	332.02	412.37	330.37	444.99	431.77	307.27	211.31	272.53	330.37
200904	279.44	294.59	248.69	279.67	412.2	344.55	412.7	558.19	443.88	306.85	291.92	327.9	450.14	245.52	294.34	322.97	244.55	236.26	287.46	242.18	616.92	428.47	466.16	244.69	315.25	279.71	246.91	360.1	319.91	252.11	249.13	396.27	488.21	303.21	231.47	576.43	246.52	203.96	384.34	374.7	327.9	483.16	322.81	291.3	288.9	224.05	328.38	409.35	327.9	441.21	426.17	306.44	210.68	270.39	327.9
201001	275.13	290.42	245.36	271.97	409.33	340.79	407.74	552.07	440.6	300.81	286.3	323.98	449.43	243.69	284.98	317.71	241.1	234.26	285.27	240.18	613.41	425.06	463.35	239.95	310.45	277.52	243.99	353.66	314.58	252.04	246.73	392.54	485.35	302.97	222.56	572.56	243.8	202.45	377.73	372.36	323.98	475.13	318.42	289.37	286.26	222.56	323.26	403.78	323.98	440.76	418.58	302.42	210.69	266.99	323.98
201002	277.43	286.22	246.03	262.48	408.15	337.01	403.16	554.48	437.22	292.36	280.2	321.09	446.72	244.46	280.26	314.07	241.38	234.04	284.24	238.83	611.47	420.06	457.94	236.22	307.61	275.61	240.74	350.07	312.09	251.71	248.6	389.84	481.91	297.88	214.62	569.26	241.89	202.1	372.04	370.45	321.09	468.58	313.82	288.93	285.07	222.71	318.45	401.24	321.09	439.99	413.98	300.86	210.75	267.51	321.09
201003	278.98	289.97	247.01	262.04	410.19	341.39	407.87	562.89	436.6	296.03	282.94	324.13	448.75	246.68	279.29	317.31	244.46	236.41	288.27	242.01	615.07	425.28	463.38	240.14	314.53	278.55	243.54	354.71	314.02	254.07	250.78	394.15	485	299.47	215.46	577.11	245.13	204.14	372.23	374.77	324.13	475.47	317.9	293.29	288.84	224.01	321.37	405.35	324.13	440.9	413.79	303.98	211.88	267.52	324.13
201004	279.79	287.66	245.43	254.96	405.57	339.82	408.4	562.21	433.18	290.42	279	321.77	449.63	246.66	272.35	315.19	243.93	236.4	287.81	241.22	614.79	421.25	464.12	239.6	310.41	276.78	241.85	353.52	312.39	256.8	249.48	392.06	484.05	296.69	210.08	576.82	244.1	203.48	366.44	373.75	321.77	474.23	315.12	293.65	286.78	223.07	319.61	403.03	321.77	442.57	406.51	302	212.93	268	321.77
201101	279.77	279.95	241.68	241.36	391.36	331.49	397.91	554.81	422.09	276.72	268.75	312.93	440.25	244.4	257.69	304.45	238.69	232.82	283.65	237.71	605.86	408.65	456.12	229.94	297.64	269.92	236.79	342.82	305.41	258.32	247.25	382.89	472.62	288.65	198.16	568.25	236.66	199.28	351.31	367.96	312.93	462.83	306.97	291.68	280.09	219.86	305.18	393.66	312.93	439.55	392.74	295.33	209.25	264	312.93
201102	279.07	276.02	240.18	229.8	385.01	326.25	390.68	562.05	409.88	268.31	257.23	307.47	440.99	242.82	248.45	298.38	236.62	229.02	280.84	236.65	599.05	400.56	448.77	226.06	290.98	265.73	236.44	341.51	299.2	262.32	246.4	376.24	463.05	283.18	184.97	560.04	233.13	199.19	341.28	363.16	307.47	447.25	299.89	289.47	276.38	218.76	299.12	389.15	307.47	433.95	382.92	290.59	205.31	261.81	307.47
201103	279.8	278.48	242.18	231.54	386.38	329.43	391.92	563.82	405.71	271.15	258.94	309.78	443.44	245.21	252.84	300.49	239.43	231.94	283.13	236.95	602.26	406.51	452.84	230.6	294.68	269.38	239.27	342.93	300.87	264.39	248.91	378.62	461.71	284.63	184.49	557.76	236.17	198.88	344.22	363.46	309.78	448.35	302.05	292.33	279.83	220.55	304.2	392.3	309.78	435.97	384.14	293.23	209.02	265.25	309.78
201104	282.04	280.6	243.65	236.36	385.07	331.83	395	570.26	411.02	273.5	258.63	311.14	443.15	246.25	257.43	300.4	240.66	233.71	284.18	239.97	602.93	408.21	455.49	232.4	297.53	270.77	240.29	344.86	301.84	266.76	250.45	380.23	461.94	285.63	184.11	562.36	236.82	201.89	347.33	365.01	311.14	451.29	305.35	293.8	280.36	220.69	305.38	394.92	311.14	440.75	384.45	294.3	209.91	264.79	311.14
201201	279.78	277.83	242.87	235.05	380.65	330.07	388.38	573.74	408.12	268.04	252.08	307.86	444.57	246.24	255.36	296.69	238.34	232.03	283.92	238.84	599.19	402.24	450.41	227.89	291.9	268.32	237.99	345.62	297.88	268.99	250.13	374.82	455.57	281	182.07	557.78	233.98	201.74	341.24	361.87	307.86	444.76	300.4	294.08	277.9	220.66	304.52	390.7	307.86	439.28	378.27	291.55	207.81	265.16	307.86
201202	279.58	276.17	240.42	238.31	381.4	331.31	384.67	576.73	399.54	266.07	247.78	306.59	441.74	246.13	252.82	293.02	237.99	230.8	282.91	239.36	597.62	398.71	445.65	226.87	290.23	265.89	236.72	345.64	294.39	276.76	250.59	371.92	449.58	278.8	181.46	552.64	232.88	201.65	338.29	360.16	306.59	436.51	298.76	295.31	277.05	222.17	303.11	388.09	306.59	437.36	375.43	289.33	208.95	266.45	306.59
201203	281.83	277.96	244.03	247.73	389.6	336.64	385.58	586.13	402.64	272.44	250.93	310.56	448.98	247.94	258.23	296.16	240.11	233.25	284.97	243.18	601.35	403.6	447.07	231.33	294.73	268.8	239.19	348.89	297.46	281.05	251.59	373.74	451.92	280.73	185.93	554.41	235.1	203.17	345.46	362.15	310.56	438.23	301.37	296.53	279.81	224.13	309.23	392.98	310.56	438.68	382.27	291.87	209.87	268.07	310.56
201204	284.53	278.47	245.63	255.51	397.62	339.59	386.97	596.77	405.28	276.35	254.06	313.07	453.32	249.01	262.52	296.3	240.85	233.31	286.3	243.05	604.24	405.1	448.78	234.49	298.02	269.29	237.52	353.73	298.78	288.59	252.84	375.13	452.82	281.51	191.15	556.39	234.55	204.36	351.12	363.32	313.07	440.75	301.57	300.73	280.74	225.93	314.51	394.63	313.07	439.38	386.87	291.99	210.28	270.5	313.07
201301	287.68	275.63	246.47	261.97	406.59	344.18	384.85	607.84	405.62	280.09	254.24	314.7	457.41	249.48	265.09	294.5	240.82	234.47	286.34	242.65	606.22	405.33	450.73	237.23	299.38	268.17	237.72	356.76	298.13	293.85	254.37	374.13	452.99	282.83	196.92	557.06	233.62	204.53	353.78	363.54	314.7	438.34	301.29	303.79	280.75	227.42	317.49	394.18	314.7	441.53	389.79	291.03	210.07	271.62	314.7
201302	288.8	276.29	246.91	274	425.73	351.72	383.59	626.25	405.09	289.31	260.33	319.63	465.27	251.19	267.85	296.39	241.31	233.2	287.16	244.32	611.64	409.3	453.17	242.23	305.09	269.02	237.18	359.55	299.83	300.47	256.95	375.02	453.7	282.73	209.44	558.69	234.4	206.11	363.64	364.95	319.63	439.48	302.48	305.28	283.42	231.52	326.67	398.38	319.63	436.69	397.11	291.06	211.14	274.45	319.63
201303	291.73	275.65	247.09	283.44	449.63	361.46	383.29	652.97	407.93	296.87	263.66	324.62	476.74	252.21	276.02	297.34	242.15	235.81	286.59	246.06	619.7	410.91	450	248.33	311.43	269.51	237.64	364.2	300.79	310.8	258.96	379.39	454.44	282.28	223.13	561.32	235.41	207.44	374.76	366.6	324.62	440.44	302.82	309.52	284.06	235.62	334.75	398.97	324.62	438.23	405.62	291.41	213.22	274.47	324.62
201304	292.65	274.38	246.76	291.14	464.68	364.92	380.19	655.51	409.9	304.59	267.13	327.37	488.39	252.49	277.25	298.75	242.46	235.04	285.31	245.51	623.53	411.64	448.27	250.41	312.06	269.01	236.4	364.79	300.02	315.99	260.81	379.56	456.16	283.89	232.81	561.55	235.32	206.51	379.27	366.24	327.37	437.06	302.42	310.86	286.35	238.27	339	399.19	327.37	437.89	409.81	290.52	214.58	275.7	327.37
201401	290.03	276.5	248.42	296.85	474.76	370.21	379.66	671.55	409.45	309.45	271.46	330.29	493.96	252.36	280.87	299.69	242	236.17	285.71	246.38	627.52	413.41	449.59	252.96	314.01	269.63	238.24	368.88	302.11	318.92	260.9	383.29	459.11	282.91	238.57	561.87	235.76	208.85	385.29	366.45	330.29	439.8	303.21	310.76	288.01	242.46	341.33	400.99	330.29	433.65	414.43	289.71	214.62	278.8	330.29
201402	296.35	277.6	248.01	301.85	487.19	383.07	381.91	686.7	412.86	317.48	277.53	336.58	500.07	255.62	285.79	304.89	246.12	238.97	290.3	248.56	641.44	419.84	455.27	260.49	321.73	273.99	238.9	371.21	306.2	323.47	266.23	385.89	463.93	284.14	246.38	567.64	240.92	210.72	397.72	371.2	336.58	446.7	308.99	315.69	293.46	248.69	347.84	407.68	336.58	440.05	425.62	294.37	215.83	280.8	336.58
201403	299.26	280.41	250.36	304.86	497.55	391.5	385.26	694.82	417.51	324.52	283.19	341.45	511.16	258.47	289.73	309.19	248.31	242.98	291.83	252.86	648.93	423.02	462.67	266.24	325.02	276.79	240.73	379.26	309.18	331.11	268.99	392.36	467.94	287.06	255.05	575.66	243.5	213.96	404.16	373.61	341.45	455.18	312.6	318.44	296.21	253.03	351.49	410.08	341.45	442.04	434.42	297.27	217.65	283.99	341.45
201404	299.7	282.34	253.03	309.85	503.05	397.7	385.29	710.4	416.76	330.27	284.89	344.28	518.55	259.35	291.81	310.49	249.73	242.83	293.56	253.15	653.48	426.1	460.33	268.34	326.06	278.65	243.71	382.73	310.46	336.36	270.37	393.82	470.18	287.96	258.78	580.5	244.78	215.16	408.77	374.56	344.28	457.72	314.67	321.47	300.24	256.04	355.31	413.99	344.28	441.12	438.78	298.77	218.79	286.36	344.28
201501	301.49	285.08	253.38	311.65	507.33	404.37	389.4	713.53	424.31	337.45	288.6	347.71	528.62	260.32	296.68	313.25	252.37	244.72	296.33	257.04	657.73	427.69	465.67	269.15	326.48	280.88	246.16	384.06	315.19	339.48	272.1	396.97	473.51	288.92	264.06	585.18	246.17	216.57	414.44	378.38	347.71	460.65	320.54	324.41	302.64	259.93	358.39	415.44	347.71	443.65	443.64	300.29	217.83	289.93	347.71
201502	304.65	286.38	254.58	318.93	519.73	421.96	390.59	725.42	422.91	346.49	296.09	353.85	532.94	264.05	301.68	316.29	256.02	247.7	300.39	259.34	666.22	431.51	469.87	275.19	333.63	283.25	246.68	390.5	319.16	343.13	277.73	403.34	477.59	290.59	272.98	590.02	250.4	220.06	429.26	381.52	353.85	470.43	324.73	329.19	306.64	266.72	364.93	419.11	353.85	448.57	457.65	303.95	224.77	289.68	353.85
201503	308.37	288.62	257.92	326.49	534.12	438.26	388.96	745.78	425.29	354.98	300.55	359.33	542.76	266.55	308.92	318.15	256.89	250.49	301.96	262.61	678.7	432.42	472.38	280.5	339.19	286.73	249.45	396.11	322.56	350.31	282.57	408.53	479.47	294.32	281.69	595.91	253.22	222.53	443.62	382.72	359.33	471.86	327.79	332.53	312.39	272.51	372.08	421	359.33	450.93	470.93	306.8	223.57	296.84	359.33
201504	310.66	290.57	259.64	331.29	541.63	444.73	389.09	762.46	428.72	362.27	303.15	362.63	548.31	268.86	314.37	319.72	258.98	252.03	304.88	262.64	683.58	433.9	477.57	282.14	340.55	289.85	250.74	398.6	325.79	352.56	283.42	409.15	481.28	293.3	288.48	597.67	254.11	224.33	451.35	383.89	362.63	477.72	332.05	336.33	315.15	275.38	377.63	424.14	362.63	446.95	479.83	308.75	224.42	295.72	362.63
201601	310.95	291.62	259.07	334.5	548.45	453.04	388.94	770.62	429.8	369.73	306.06	366	564.92	269.9	317.03	321.05	259.35	253.18	306.49	266	690.57	437.43	479.94	284.48	342.07	292.29	251.69	402.83	329.98	351	283.55	412.73	484.28	295.04	291.18	601.12	255.53	224.54	461.44	385.83	366	477.5	335.72	339.89	319.77	279.41	382.84	422.5	366	446.66	488.87	311.35	224.57	296.12	366
201602	314.08	295.23	262.46	342.14	558.14	469.24	391.79	788.62	433.38	379.28	315.01	373.22	567.07	272.73	324.01	325.67	264.17	259.68	312.19	270.5	700.62	442.79	485.53	290.47	350.69	296.38	253.66	405.52	335.26	354.76	289.65	418.74	489.77	299.49	298.99	611.36	260.1	226.75	478.09	392.56	373.22	488.47	341.93	342.8	326.79	286.97	392.11	431.38	373.22	456.19	506.49	316.23	226.2	299.39	373.22
201603	315.31	300.54	266.5	347.57	569.41	481.55	395.03	789.93	440.02	389.66	320.81	379.91	577.33	277.33	335.26	329.81	268.36	262.95	316.13	272.18	712.08	448.27	496.11	296.44	355.96	301.19	255.45	413.8	342.4	359.33	294.61	426.1	494.14	302.35	308.42	620.41	265.64	229.33	492.78	396.81	379.91	496.26	349.03	349.25	332.04	293.17	400.77	434.74	379.91	458.93	522.38	320.13	228.45	302.08	379.91
201604	313.66	299.87	268.59	353.45	578.06	489.46	396.32	806.86	443.3	396.72	323.31	383.42	584.72	278.62	337.12	331.74	270.09	265.24	318.32	274.48	719.99	450.94	501.07	298.98	358.4	303.03	260.41	416.33	343.88	358.78	296.02	428.81	497.69	306.44	311.26	626.89	265.25	229.68	501.34	398.03	383.42	505.83	350.65	352.88	336.99	296.64	405.85	437.71	383.42	456.18	530.19	322.31	229.73	301.62	383.42
201701	315.48	301.25	270.61	360.45	589.36	499.55	391.3	817.87	442.68	405.55	325.83	387.14	590.73	280.86	341.48	332.22	270.35	263.49	320.91	272.37	726.57	450.65	505.45	304.09	362.37	304.45	259.45	421.63	346.54	361.67	300.21	431.2	494.77	306.58	317.87	629.64	266.5	232.2	508.74	399.85	387.14	511.36	354.81	357.4	340.66	300.77	414.78	436.53	387.14	459.79	541.93	325.57	227.46	301.81	387.14
201702	316.63	306.2	273.27	371.25	603.02	518.83	397.81	836.22	441.72	416.55	337.38	397.23	599.26	285.3	359.23	337.16	276.72	272.78	328.53	277.81	747.98	459.77	511.81	312.9	375.49	311.49	260.7	425.94	358.68	362.7	309.56	442.07	503.71	309.74	328.45	640.55	275.84	236.07	526.7	407.73	397.23	523.06	363.04	364.9	350.21	311.31	429.78	448.64	397.23	464.72	564.29	334.74	229.84	303.65	397.23
201703	320.8	309.37	276.95	380.17	614.81	526.88	401.2	852.96	444.73	424.28	342.66	403.93	609.61	290.09	365.46	341.58	281.85	276.37	334.01	282.24	760.2	464.24	523.04	319.85	380.78	316.46	263.74	437.43	363.11	366.02	313.96	449.65	510.46	316.47	339.41	654	280.15	237.07	537.71	413.51	403.93	533.91	369.43	371.12	358.35	316.86	441.39	450.76	403.93	466.03	582.82	339.23	230.97	304.78	403.93
201704	324.24	312.06	279.55	384.55	625.9	535.21	401.57	862.42	451.49	433.67	346.77	408.13	617.09	291.77	372.62	342.97	284.98	277.12	335.36	283.2	765.7	468.74	529.79	321.67	382.07	319.21	264.02	439.89	365.45	365.29	316.4	454.6	514.72	318.16	349.08	661.3	280.86	239.58	540.31	416.3	408.13	540.9	374.1	373.25	364.16	320.25	447.21	453.44	408.13	475.43	592.47	339.75	235.56	309.72	408.13
201801	321.35	313.38	280.73	393.96	638.86	550.64	399.86	878.24	461.66	442.3	355.2	413.91	626.41	292.43	382.53	345.73	287.59	282.33	339.59	284.55	776.63	472.97	532.76	325.35	387.33	324.03	268.8	445.35	371.33	365.03	320.92	461.66	519.31	316.72	360.83	669.26	283.84	238.75	549.03	420.05	413.91	552.84	381.61	377.02	368.22	324.94	457.26	457.95	413.91	477.98	607.08	344.62	234.96	316.25	413.91
201802	324.82	320.66	283.78	404.86	656.5	569.04	403.8	897.67	463.17	454.57	365.72	424.36	631.26	300.04	401.51	350.41	298.43	287.81	348.56	285.86	793.79	479.79	545.27	336.22	399.89	330.51	267.2	454.89	384	371.83	327.54	471.9	526.09	325.27	377.15	680.94	291.69	244.3	567.86	428.95	424.36	566.16	387.93	380.44	379.05	333.61	475.31	466.87	424.36	485.44	635.05	356.36	238.4	316.8	424.36
201803	324.35	325.88	287.96	413.76	667.38	578.51	408.95	911.63	466.06	463.19	373.03	430.75	643.42	303.6	413.13	351.92	302.65	290.58	351.2	288.05	809.05	483.02	551.66	343.55	406.57	335.31	272.55	462.49	390.05	369.56	334.54	479.95	531.69	324.64	390.36	693.1	297.86	245.9	576.07	433.53	430.75	573.05	393.96	390.54	385.78	338.29	487.45	470.05	430.75	488.53	640.53	361.88	240.32	319.97	430.75
